# unix_time, cycles_done, cur_path, paths_total, pending_total, pending_favs, map_size, unique_crashes, unique_hangs, max_depth, execs_per_sec
1507214570, 0, 0, 1, 1, 1, 3.46%, 0, 0, 1, 190.48
1507214575, 0, 0, 10, 10, 1, 3.54%, 0, 0, 2, 210.32
1507214580, 0, 0, 11, 11, 1, 3.54%, 0, 0, 2, 209.67
1507214585, 0, 0, 14, 14, 1, 3.56%, 0, 0, 2, 211.37
1507214590, 0, 0, 22, 22, 1, 3.56%, 0, 0, 2, 207.72
1507214595, 0, 0, 25, 25, 1, 3.56%, 0, 0, 2, 216.25
1507214600, 0, 0, 44, 44, 1, 3.58%, 0, 0, 2, 38.03
1507214605, 0, 0, 60, 60, 1, 3.58%, 0, 0, 2, 166.27
1507214611, 0, 0, 66, 66, 1, 3.59%, 0, 0, 2, 186.72
1507214616, 0, 0, 72, 72, 1, 3.59%, 0, 0, 2, 199.65
1507214621, 0, 0, 77, 77, 1, 3.59%, 0, 0, 2, 203.05
1507214626, 0, 0, 79, 79, 1, 3.59%, 0, 0, 2, 164.75
1507214631, 0, 0, 80, 80, 1, 3.59%, 0, 0, 2, 105.57
1507214636, 0, 0, 81, 81, 1, 3.59%, 0, 0, 2, 181.99
1507214646, 0, 0, 82, 82, 1, 3.59%, 0, 0, 2, 175.20
1507214667, 0, 0, 84, 84, 1, 3.59%, 0, 0, 2, 202.17
1507214682, 0, 0, 85, 85, 1, 3.59%, 0, 0, 2, 165.45
1507214708, 0, 0, 86, 86, 1, 3.59%, 0, 0, 2, 205.92
1507214770, 0, 0, 87, 87, 1, 3.59%, 0, 0, 2, 173.34
1507214811, 0, 0, 148, 147, 0, 3.92%, 0, 0, 2, 174.67
1507214817, 0, 0, 246, 245, 0, 4.32%, 0, 0, 2, 197.12
1507214822, 0, 0, 288, 287, 0, 4.33%, 0, 0, 2, 184.76
1507214827, 0, 0, 334, 333, 0, 4.34%, 0, 0, 2, 200.46
1507214832, 0, 0, 344, 343, 0, 4.34%, 0, 0, 2, 162.25
1507214842, 0, 0, 346, 345, 0, 4.34%, 0, 0, 2, 194.39
1507214847, 0, 0, 354, 353, 0, 4.34%, 0, 0, 2, 159.90
1507214852, 0, 2, 354, 353, 54, 4.34%, 0, 0, 2, 198.37
1507214883, 0, 10, 354, 352, 53, 4.34%, 0, 0, 2, 167.58
1507214919, 0, 26, 354, 351, 52, 4.34%, 0, 0, 2, 176.16
1507214924, 0, 60, 354, 350, 51, 4.34%, 0, 0, 2, 181.55
1507214961, 0, 71, 354, 349, 50, 4.34%, 0, 0, 2, 201.15
1507215002, 0, 71, 389, 383, 49, 4.35%, 0, 0, 2, 153.71
1507215007, 0, 71, 422, 416, 49, 4.37%, 0, 0, 2, 186.13
1507215017, 0, 78, 422, 416, 53, 4.37%, 0, 0, 2, 196.00
1507215027, 0, 84, 422, 415, 52, 4.37%, 0, 0, 2, 211.23
1507215048, 0, 95, 422, 414, 51, 4.37%, 0, 0, 2, 203.13
1507215073, 0, 96, 422, 413, 50, 4.37%, 0, 0, 2, 197.50
1507215088, 0, 97, 422, 412, 49, 4.37%, 0, 0, 2, 203.63
1507215109, 0, 97, 429, 418, 48, 4.41%, 0, 0, 2, 196.51
1507215114, 0, 99, 431, 420, 51, 4.41%, 0, 0, 2, 196.68
1507215134, 0, 100, 431, 419, 50, 4.41%, 0, 0, 2, 201.59
1507215149, 0, 103, 431, 418, 49, 4.41%, 0, 0, 2, 209.09
1507215176, 0, 104, 431, 417, 48, 4.41%, 0, 0, 2, 206.92
1507215191, 0, 105, 431, 416, 47, 4.41%, 0, 0, 2, 211.14
1507215208, 0, 105, 433, 417, 46, 4.41%, 0, 0, 2, 11.14
1507215213, 0, 105, 471, 455, 46, 4.44%, 0, 0, 2, 150.60
1507215218, 0, 116, 471, 455, 45, 4.44%, 0, 0, 2, 201.38
1507215243, 0, 117, 471, 454, 44, 4.44%, 0, 0, 2, 146.21
1507215269, 0, 125, 471, 453, 43, 4.44%, 0, 0, 2, 209.23
1507215285, 0, 126, 471, 452, 42, 4.44%, 0, 0, 2, 208.35
1507215300, 0, 128, 471, 451, 41, 4.44%, 0, 0, 2, 218.64
1507215321, 0, 128, 494, 473, 40, 4.44%, 0, 0, 2, 182.89
1507215326, 0, 134, 494, 473, 40, 4.44%, 0, 0, 2, 209.64
1507215347, 0, 138, 494, 472, 39, 4.44%, 0, 0, 2, 186.67
1507215367, 0, 144, 494, 471, 38, 4.44%, 0, 0, 2, 178.52
1507215459, 0, 151, 494, 470, 37, 4.44%, 0, 0, 2, 191.69
1507215480, 0, 157, 494, 469, 36, 4.44%, 0, 0, 2, 170.58
1507215531, 0, 157, 503, 477, 35, 4.44%, 0, 0, 2, 167.71
1507215536, 0, 157, 532, 506, 35, 4.44%, 0, 0, 2, 182.68
1507215541, 0, 160, 532, 506, 35, 4.44%, 0, 0, 2, 216.37
1507215597, 0, 169, 532, 505, 34, 4.44%, 0, 0, 2, 212.39
1507215623, 0, 170, 532, 504, 33, 4.44%, 0, 0, 2, 197.89
1507215659, 0, 181, 532, 503, 32, 4.44%, 0, 0, 2, 192.05
1507215684, 0, 187, 532, 502, 31, 4.44%, 0, 0, 2, 190.74
1507215725, 0, 187, 562, 531, 31, 4.45%, 0, 0, 2, 105.00
1507215730, 0, 187, 567, 536, 31, 4.45%, 0, 0, 2, 15.62
1507215746, 0, 194, 567, 536, 32, 4.45%, 0, 0, 2, 196.31
1507215771, 0, 214, 567, 535, 31, 4.45%, 0, 0, 2, 171.50
1507215817, 0, 228, 567, 534, 31, 4.45%, 0, 0, 2, 184.48
1507215888, 0, 235, 567, 533, 30, 4.45%, 0, 0, 2, 151.18
1507215930, 0, 240, 567, 532, 29, 4.45%, 0, 0, 2, 187.93
1507215955, 0, 240, 594, 558, 28, 4.45%, 0, 0, 2, 144.38
1507215960, 0, 240, 596, 560, 28, 4.45%, 0, 0, 2, 131.87
1507215965, 0, 244, 596, 560, 29, 4.45%, 0, 0, 2, 172.24
1507216036, 0, 248, 596, 559, 28, 4.45%, 0, 0, 2, 206.94
1507216062, 0, 249, 596, 558, 27, 4.45%, 0, 0, 2, 131.70
1507216098, 0, 263, 596, 557, 26, 4.45%, 0, 0, 2, 262.10
1507216153, 0, 265, 596, 556, 25, 4.45%, 0, 0, 2, 147.11
1507216189, 0, 265, 609, 568, 24, 4.45%, 0, 0, 2, 143.94
1507216194, 0, 265, 622, 581, 24, 4.45%, 0, 0, 2, 143.81
1507216199, 0, 302, 622, 581, 24, 4.45%, 0, 0, 2, 148.88
1507216225, 0, 303, 622, 580, 23, 4.45%, 0, 0, 2, 188.96
1507216352, 0, 349, 622, 579, 22, 4.45%, 0, 0, 2, 205.40
1507216393, 0, 354, 622, 578, 21, 4.45%, 0, 0, 2, 185.94
1507216418, 0, 372, 622, 577, 20, 4.45%, 0, 0, 2, 181.73
1507216566, 0, 372, 627, 581, 19, 4.45%, 0, 0, 2, 117.60
1507216571, 0, 372, 645, 599, 19, 4.45%, 0, 0, 2, 49.69
1507216576, 0, 378, 645, 599, 19, 4.45%, 0, 0, 2, 132.18
1507216637, 0, 380, 645, 598, 18, 4.45%, 0, 0, 2, 172.76
1507216677, 0, 382, 645, 597, 17, 4.45%, 0, 0, 2, 137.62
1507216728, 0, 384, 645, 596, 16, 4.45%, 0, 0, 2, 198.00
1507216820, 0, 395, 645, 595, 15, 4.45%, 0, 0, 2, 201.06
1507216845, 0, 395, 664, 613, 14, 4.46%, 0, 0, 2, 164.57
1507216850, 0, 396, 664, 613, 17, 4.46%, 0, 0, 2, 198.43
1507216876, 0, 415, 664, 612, 16, 4.46%, 0, 0, 2, 195.67
1507216998, 0, 416, 664, 611, 16, 4.46%, 0, 0, 2, 182.37
1507217049, 0, 417, 664, 610, 15, 4.46%, 0, 0, 2, 195.67
1507217151, 0, 420, 664, 609, 14, 4.46%, 0, 0, 2, 195.38
1507217171, 0, 420, 685, 629, 13, 4.46%, 0, 0, 2, 144.71
1507217176, 0, 435, 685, 629, 13, 4.46%, 0, 0, 2, 118.02
1507217514, 0, 443, 685, 628, 12, 4.46%, 0, 0, 2, 85.42
1507222659, 0, 452, 685, 627, 11, 4.46%, 0, 0, 2, 100.49
1507226832, 0, 461, 685, 626, 10, 4.46%, 0, 0, 2, 139.87
1507227544, 0, 467, 685, 625, 9, 4.46%, 0, 0, 2, 141.74
1507233222, 0, 467, 714, 653, 9, 4.47%, 0, 0, 2, 96.49
1507233227, 0, 467, 788, 727, 9, 4.56%, 0, 0, 2, 122.42
1507233232, 0, 467, 840, 779, 9, 4.56%, 0, 0, 2, 120.17
1507233237, 0, 467, 851, 790, 9, 4.57%, 0, 0, 2, 107.30
1507233242, 0, 467, 858, 797, 9, 4.57%, 0, 0, 2, 74.34
1507233247, 0, 467, 859, 798, 9, 4.57%, 0, 0, 2, 54.42
1507233428, 0, 467, 860, 799, 9, 4.57%, 0, 0, 2, 15.04
1507233522, 0, 500, 860, 799, 26, 4.57%, 0, 0, 2, 217.71
1507240245, 0, 540, 860, 798, 25, 4.57%, 0, 0, 2, 79.71
1507245098, 0, 549, 860, 797, 24, 4.57%, 0, 0, 2, 93.27
1507245151, 0, 590, 860, 796, 23, 4.57%, 0, 0, 2, 143.20
1507245202, 0, 602, 860, 795, 22, 4.57%, 0, 0, 2, 109.93
1507245729, 0, 602, 879, 813, 22, 4.57%, 0, 0, 2, 5.93
1507245734, 0, 602, 945, 879, 22, 4.57%, 0, 0, 2, 112.82
1507245739, 0, 602, 956, 890, 22, 4.57%, 0, 0, 2, 84.46
1507245744, 0, 602, 957, 891, 22, 4.57%, 0, 0, 2, 65.07
1507245797, 0, 624, 957, 891, 26, 4.57%, 0, 0, 2, 123.68
1507319139, 0, 639, 957, 890, 26, 4.57%, 0, 0, 2, 126.13
1507319476, 0, 648, 957, 889, 26, 4.57%, 0, 0, 2, 88.95
1507320127, 0, 659, 957, 888, 26, 4.57%, 0, 0, 2, 77.47
1507320168, 0, 664, 957, 887, 25, 4.57%, 0, 0, 2, 98.18
1507320214, 0, 664, 981, 910, 24, 4.57%, 0, 0, 2, 102.04
1507320219, 0, 664, 1037, 966, 24, 4.60%, 0, 0, 2, 110.20
1507320224, 0, 664, 1082, 1011, 24, 4.62%, 0, 0, 2, 28.95
1507320234, 0, 664, 1086, 1015, 24, 4.62%, 0, 0, 2, 50.37
1507320239, 0, 664, 1087, 1016, 24, 4.62%, 0, 0, 2, 50.89
1507320331, 0, 664, 1088, 1017, 24, 4.62%, 0, 0, 2, 53.04
1507320351, 0, 703, 1088, 1017, 29, 4.62%, 0, 0, 2, 77.98
1507320561, 0, 716, 1088, 1016, 28, 4.62%, 0, 0, 2, 142.47
1507320622, 0, 718, 1088, 1015, 27, 4.62%, 0, 0, 2, 97.15
1507320678, 0, 724, 1088, 1014, 26, 4.62%, 0, 0, 2, 83.22
1507330155, 0, 743, 1088, 1013, 25, 4.62%, 0, 0, 2, 110.77
1507330309, 0, 743, 1102, 1026, 24, 4.63%, 0, 0, 2, 59.48
1507330320, 0, 747, 1102, 1026, 28, 4.63%, 0, 0, 2, 142.83
1507330506, 0, 752, 1102, 1025, 27, 4.63%, 0, 0, 2, 155.25
1507330655, 0, 767, 1102, 1024, 26, 4.63%, 0, 0, 2, 149.39
1507330921, 0, 773, 1102, 1023, 25, 4.63%, 0, 0, 2, 137.30
1507331131, 0, 774, 1102, 1022, 24, 4.63%, 0, 0, 2, 104.79
1507347987, 0, 774, 1109, 1028, 23, 4.63%, 0, 0, 2, 91.58
1507347992, 0, 774, 1110, 1029, 23, 4.63%, 0, 0, 2, 86.59
1507347997, 0, 780, 1110, 1029, 23, 4.63%, 0, 0, 2, 173.13
1507349112, 0, 787, 1110, 1028, 22, 4.63%, 0, 0, 2, 114.29
1507349184, 0, 794, 1110, 1027, 21, 4.63%, 0, 0, 2, 144.58
1507349230, 0, 813, 1110, 1026, 20, 4.63%, 0, 0, 2, 146.88
1507349345, 0, 824, 1110, 1025, 19, 4.63%, 0, 0, 2, 145.72
1507349457, 0, 824, 1114, 1028, 18, 4.63%, 0, 0, 2, 63.58
1507349462, 0, 828, 1114, 1028, 17, 4.63%, 0, 0, 2, 92.34
1507349642, 0, 831, 1114, 1027, 16, 4.63%, 0, 0, 2, 127.94
1507349816, 0, 848, 1114, 1026, 15, 4.63%, 0, 0, 2, 147.39
1507349888, 0, 895, 1114, 1025, 14, 4.63%, 0, 0, 2, 125.32
1507349970, 0, 902, 1114, 1024, 13, 4.63%, 0, 0, 2, 88.83
1507350150, 0, 983, 1114, 1023, 13, 4.63%, 0, 0, 2, 167.22
1507355342, 0, 998, 1114, 1022, 12, 4.63%, 0, 0, 2, 138.88
1507358076, 0, 1005, 1114, 1021, 12, 4.63%, 0, 0, 2, 138.33
1507358112, 0, 1006, 1114, 1020, 11, 4.63%, 0, 0, 2, 150.83
1507358143, 0, 1030, 1114, 1019, 10, 4.63%, 0, 0, 2, 117.81
1507358189, 0, 1030, 1120, 1024, 9, 4.63%, 0, 0, 2, 81.33
1507358194, 0, 1035, 1120, 1024, 9, 4.63%, 0, 0, 2, 89.29
1507358235, 0, 1039, 1120, 1023, 8, 4.63%, 0, 0, 2, 88.36
1507363383, 0, 1053, 1120, 1022, 7, 4.63%, 0, 0, 2, 87.42
1507372918, 0, 1053, 1121, 1023, 7, 4.63%, 0, 0, 2, 144.72
1507372938, 0, 1088, 1121, 1022, 6, 4.63%, 0, 0, 2, 150.85
1507373004, 0, 1093, 1121, 1021, 5, 4.63%, 0, 0, 2, 74.24
1507378866, 0, 1093, 1130, 1029, 4, 4.65%, 0, 0, 2, 99.45
1507378871, 0, 1093, 1133, 1032, 4, 4.65%, 0, 0, 2, 63.65
1507378886, 0, 1099, 1133, 1032, 5, 4.65%, 0, 0, 2, 111.65
1507379040, 0, 1113, 1133, 1031, 4, 4.65%, 0, 0, 2, 116.26
1507379116, 0, 1130, 1133, 1030, 3, 4.65%, 0, 0, 2, 140.70
1507379147, 1, 15, 1133, 1029, 2, 4.65%, 0, 0, 2, 118.95
1507379173, 1, 98, 1133, 1028, 2, 4.65%, 0, 0, 2, 70.19
1507379204, 1, 112, 1133, 1027, 1, 4.65%, 0, 0, 2, 153.11
1507379234, 1, 113, 1133, 1026, 0, 4.65%, 0, 0, 2, 91.93
1507379271, 1, 117, 1133, 1025, 0, 4.65%, 0, 0, 2, 66.35
1507379276, 1, 118, 1133, 1025, 0, 4.65%, 0, 0, 2, 134.99
1507379333, 1, 119, 1133, 1024, 0, 4.65%, 0, 0, 2, 141.19
1507379374, 1, 124, 1133, 1023, 0, 4.65%, 0, 0, 2, 140.23
1507379405, 1, 125, 1133, 1022, 0, 4.65%, 0, 0, 2, 98.71
1507379410, 1, 126, 1133, 1022, 0, 4.65%, 0, 0, 2, 52.36
1507379415, 1, 132, 1133, 1022, 0, 4.65%, 0, 0, 2, 77.14
1507379492, 1, 134, 1133, 1021, 0, 4.65%, 0, 0, 2, 74.56
1507379497, 1, 136, 1133, 1021, 0, 4.65%, 0, 0, 2, 148.98
1507379559, 1, 137, 1133, 1020, 0, 4.65%, 0, 0, 2, 139.76
1507379651, 1, 138, 1133, 1019, 0, 4.65%, 0, 0, 2, 71.24
1507379657, 1, 148, 1133, 1019, 0, 4.65%, 0, 0, 2, 89.39
1507379754, 1, 149, 1133, 1018, 0, 4.65%, 0, 0, 2, 119.71
1507379805, 1, 151, 1133, 1017, 0, 4.65%, 0, 0, 2, 4.50
1507379810, 1, 152, 1133, 1017, 0, 4.65%, 0, 0, 2, 161.50
1507379851, 1, 154, 1133, 1016, 0, 4.65%, 0, 0, 2, 81.64
1507379933, 1, 155, 1133, 1015, 0, 4.65%, 0, 0, 2, 153.77
1507380000, 1, 158, 1133, 1014, 0, 4.65%, 0, 0, 2, 109.79
1507380072, 1, 169, 1133, 1013, 0, 4.65%, 0, 0, 2, 62.27
1507380077, 1, 170, 1133, 1013, 0, 4.65%, 0, 0, 2, 76.02
1507380082, 1, 171, 1133, 1013, 0, 4.65%, 0, 0, 2, 160.83
1507380138, 1, 173, 1133, 1012, 0, 4.65%, 0, 0, 2, 98.03
1507380185, 1, 174, 1133, 1011, 0, 4.65%, 0, 0, 2, 139.88
1507380247, 1, 177, 1133, 1010, 0, 4.65%, 0, 0, 2, 88.88
1507380318, 1, 182, 1133, 1009, 0, 4.65%, 0, 0, 2, 132.22
1507380390, 1, 184, 1133, 1008, 0, 4.65%, 0, 0, 2, 85.26
1507380457, 1, 194, 1133, 1007, 0, 4.65%, 0, 0, 2, 98.09
1507380462, 1, 199, 1133, 1007, 0, 4.65%, 0, 0, 2, 160.62
1507380594, 1, 204, 1133, 1006, 0, 4.65%, 0, 0, 2, 82.89
1507380640, 1, 206, 1133, 1005, 0, 4.65%, 0, 0, 2, 168.03
1507380687, 1, 209, 1133, 1004, 0, 4.65%, 0, 0, 2, 152.14
1507380738, 1, 210, 1133, 1003, 0, 4.65%, 0, 0, 2, 107.85
1507380800, 1, 213, 1133, 1002, 0, 4.65%, 0, 0, 2, 122.48
1507380908, 1, 213, 1133, 1001, 0, 4.65%, 0, 0, 2, 12.76
1507380913, 1, 215, 1133, 1001, 0, 4.65%, 0, 0, 2, 212.60
1507380949, 1, 222, 1133, 1000, 0, 4.65%, 0, 0, 2, 81.72
1507381061, 1, 223, 1133, 999, 0, 4.65%, 0, 0, 2, 139.79
1507381133, 1, 224, 1133, 998, 0, 4.65%, 0, 0, 2, 90.54
1507381231, 1, 228, 1133, 997, 0, 4.65%, 0, 0, 2, 68.16
1507381236, 1, 229, 1133, 997, 0, 4.65%, 0, 0, 2, 110.33
1507381376, 1, 235, 1133, 996, 0, 4.65%, 0, 0, 2, 2.79
1507381381, 1, 236, 1133, 996, 0, 4.65%, 0, 0, 2, 120.05
1507381448, 1, 242, 1133, 995, 0, 4.65%, 0, 0, 2, 102.33
1507381494, 1, 244, 1133, 994, 0, 4.65%, 0, 0, 2, 84.03
1507381500, 1, 248, 1133, 994, 0, 4.65%, 0, 0, 2, 11.26
1507381505, 1, 263, 1133, 994, 0, 4.65%, 0, 0, 2, 30.97
1507381510, 1, 265, 1133, 994, 0, 4.65%, 0, 0, 2, 59.63
1507381515, 1, 270, 1133, 994, 0, 4.65%, 0, 0, 2, 155.78
1507381617, 1, 271, 1133, 993, 0, 4.65%, 0, 0, 2, 84.96
1507381684, 1, 282, 1133, 992, 0, 4.65%, 0, 0, 2, 148.81
1507381811, 1, 284, 1133, 991, 0, 4.65%, 0, 0, 2, 158.26
1507381918, 1, 289, 1133, 990, 0, 4.65%, 0, 0, 2, 87.05
1507382132, 1, 296, 1133, 989, 0, 4.65%, 0, 0, 2, 67.63
1507382302, 1, 298, 1133, 988, 0, 4.65%, 0, 0, 2, 148.64
1507382416, 1, 302, 1133, 987, 0, 4.65%, 0, 0, 2, 3.37
1507382421, 1, 303, 1133, 987, 0, 4.65%, 0, 0, 2, 82.37
1507382426, 1, 307, 1133, 987, 0, 4.65%, 0, 0, 2, 153.32
1507382574, 1, 313, 1133, 986, 0, 4.65%, 0, 0, 2, 153.75
1507382667, 1, 322, 1133, 985, 0, 4.65%, 0, 0, 2, 156.24
1507382887, 1, 325, 1133, 984, 0, 4.65%, 0, 0, 2, 106.92
1507383132, 1, 328, 1133, 983, 0, 4.65%, 0, 0, 2, 133.90
1507383372, 1, 329, 1133, 982, 0, 4.65%, 0, 0, 2, 118.68
1507383460, 1, 336, 1133, 981, 0, 4.65%, 0, 0, 2, 129.94
1507383690, 1, 349, 1134, 981, 0, 4.65%, 0, 0, 2, 56.62
1507383695, 1, 350, 1134, 981, 0, 4.65%, 0, 0, 2, 112.83
1507383751, 1, 351, 1134, 980, 0, 4.65%, 0, 0, 2, 120.09
1507383838, 1, 352, 1134, 979, 0, 4.65%, 0, 0, 2, 136.37
1507384053, 1, 354, 1134, 978, 0, 4.65%, 0, 0, 2, 63.34
1507384058, 1, 355, 1134, 978, 0, 4.65%, 0, 0, 2, 111.94
1507384277, 1, 357, 1134, 977, 0, 4.65%, 0, 0, 2, 132.87
1507384537, 1, 359, 1134, 976, 0, 4.65%, 0, 0, 2, 121.42
1507384636, 1, 360, 1134, 975, 0, 4.65%, 0, 0, 2, 137.21
1507384967, 1, 361, 1134, 974, 0, 4.65%, 0, 0, 2, 124.27
1507385343, 1, 365, 1134, 973, 0, 4.65%, 0, 0, 2, 105.28
1507385736, 1, 369, 1134, 972, 0, 4.65%, 0, 0, 2, 79.42
1507385808, 1, 370, 1134, 971, 0, 4.65%, 0, 0, 2, 141.79
1507385900, 1, 374, 1134, 970, 0, 4.65%, 0, 0, 2, 132.89
1507385941, 1, 377, 1134, 969, 0, 4.65%, 0, 0, 2, 92.89
1507386049, 1, 380, 1137, 971, 0, 4.65%, 0, 0, 2, 127.45
1507386054, 1, 381, 1137, 971, 0, 4.65%, 0, 0, 2, 130.27
1507386167, 1, 382, 1137, 970, 0, 4.65%, 0, 0, 2, 52.85
1507386172, 1, 386, 1137, 970, 0, 4.65%, 0, 0, 2, 127.66
1507386265, 1, 389, 1137, 969, 0, 4.65%, 0, 0, 2, 72.25
1507386362, 1, 390, 1137, 968, 0, 4.65%, 0, 0, 2, 15.41
1507386459, 1, 396, 1137, 967, 0, 4.65%, 0, 0, 2, 75.07
1507386465, 1, 397, 1137, 967, 0, 4.65%, 0, 0, 2, 120.21
1507386623, 1, 399, 1137, 966, 0, 4.65%, 0, 0, 2, 137.12
1507386680, 1, 411, 1137, 965, 0, 4.65%, 0, 0, 2, 131.89
1507386772, 1, 412, 1137, 964, 0, 4.65%, 0, 0, 2, 149.06
1507386874, 1, 420, 1137, 963, 0, 4.65%, 0, 0, 2, 11.87
1507386879, 1, 423, 1137, 963, 0, 4.65%, 0, 0, 2, 150.04
1507386986, 1, 424, 1137, 962, 0, 4.65%, 0, 0, 2, 96.20
1507387236, 1, 425, 1137, 961, 0, 4.65%, 0, 0, 2, 64.48
1507387374, 1, 427, 1138, 961, 0, 4.65%, 0, 0, 2, 124.56
1507387714, 1, 465, 1138, 960, 1, 4.65%, 0, 0, 2, 138.85
1507388748, 1, 477, 1138, 959, 1, 4.65%, 0, 0, 2, 74.81
1507389055, 1, 519, 1138, 958, 1, 4.65%, 0, 0, 2, 121.36
1507389343, 1, 525, 1138, 957, 1, 4.65%, 0, 0, 2, 68.52
1507392073, 1, 531, 1139, 957, 1, 4.65%, 0, 0, 2, 76.52
1507393391, 1, 581, 1139, 956, 1, 4.65%, 0, 0, 2, 150.04
