# unix_time, cycles_done, cur_path, paths_total, pending_total, pending_favs, map_size, unique_crashes, unique_hangs, max_depth, execs_per_sec
1507214465, 0, 0, 2, 2, 2, 3.44%, 0, 0, 1, 285.71
1507214470, 0, 0, 5, 5, 2, 3.45%, 0, 0, 2, 308.95
1507214476, 0, 0, 6, 6, 2, 3.47%, 0, 0, 2, 313.71
1507214481, 0, 0, 7, 7, 2, 3.47%, 0, 0, 2, 304.98
1507214486, 0, 0, 17, 17, 2, 3.48%, 0, 0, 2, 288.28
1507214491, 0, 0, 19, 19, 2, 3.48%, 0, 0, 2, 276.99
1507214496, 0, 0, 30, 30, 2, 3.49%, 0, 0, 2, 265.61
1507214501, 0, 0, 33, 33, 2, 3.49%, 0, 0, 2, 255.42
1507214506, 0, 0, 35, 35, 2, 3.49%, 0, 0, 2, 235.62
1507214511, 0, 0, 36, 36, 2, 3.49%, 0, 0, 2, 233.78
1507214521, 0, 0, 37, 37, 2, 3.49%, 0, 0, 2, 230.89
1507214527, 0, 0, 38, 38, 2, 3.49%, 0, 0, 2, 230.08
1507214563, 0, 0, 39, 39, 2, 3.49%, 0, 0, 2, 203.42
1507214578, 0, 0, 41, 41, 2, 3.49%, 0, 0, 2, 198.93
1507214634, 0, 0, 42, 42, 2, 3.49%, 0, 0, 2, 191.94
1507214649, 0, 0, 48, 47, 1, 3.50%, 0, 0, 2, 193.66
1507214655, 0, 0, 130, 129, 1, 3.88%, 0, 0, 2, 196.10
1507214660, 0, 0, 144, 143, 1, 3.95%, 0, 0, 2, 199.53
1507214665, 0, 30, 146, 145, 36, 3.95%, 0, 0, 2, 201.83
1507214685, 0, 33, 146, 144, 35, 3.95%, 0, 0, 2, 23.47
1507214690, 0, 36, 146, 143, 34, 3.95%, 0, 0, 2, 199.23
1507214742, 0, 37, 146, 142, 33, 3.95%, 0, 0, 2, 99.93
1507214772, 0, 41, 146, 141, 32, 3.95%, 0, 0, 2, 131.73
1507214850, 0, 41, 167, 161, 32, 4.21%, 0, 0, 2, 112.78
1507214855, 0, 41, 237, 231, 32, 4.27%, 0, 0, 2, 125.62
1507214860, 0, 41, 296, 290, 32, 4.28%, 0, 0, 2, 129.28
1507214865, 0, 41, 306, 300, 32, 4.28%, 0, 0, 2, 87.11
1507214871, 0, 41, 319, 313, 32, 4.28%, 0, 0, 2, 2.22
1507214876, 0, 41, 320, 314, 32, 4.28%, 0, 0, 2, 97.04
1507214881, 0, 41, 325, 319, 32, 4.28%, 0, 0, 2, 133.66
1507214892, 0, 41, 338, 332, 32, 4.30%, 0, 0, 2, 115.83
1507214897, 0, 43, 338, 332, 52, 4.30%, 0, 0, 2, 138.02
1507214948, 0, 49, 338, 331, 51, 4.30%, 0, 0, 2, 134.38
1507214978, 0, 54, 338, 330, 50, 4.30%, 0, 0, 2, 116.90
1507215014, 0, 55, 338, 329, 49, 4.30%, 0, 0, 2, 120.59
1507215035, 0, 58, 338, 328, 48, 4.30%, 0, 0, 2, 153.44
1507215055, 0, 58, 339, 328, 47, 4.30%, 0, 0, 2, 113.95
1507215061, 0, 58, 372, 361, 47, 4.31%, 0, 0, 2, 117.71
1507215066, 0, 58, 373, 362, 47, 4.31%, 0, 0, 2, 116.69
1507215071, 0, 59, 373, 362, 47, 4.31%, 0, 0, 2, 118.02
1507215096, 0, 62, 373, 361, 46, 4.31%, 0, 0, 2, 111.09
1507215132, 0, 63, 373, 360, 45, 4.31%, 0, 0, 2, 136.57
1507215158, 0, 64, 373, 359, 44, 4.31%, 0, 0, 2, 116.64
1507215183, 0, 68, 373, 358, 43, 4.31%, 0, 0, 2, 131.78
1507215240, 0, 68, 414, 398, 42, 4.36%, 0, 0, 2, 103.82
1507215245, 0, 68, 416, 400, 42, 4.36%, 0, 0, 2, 104.40
1507215250, 0, 73, 416, 400, 44, 4.36%, 0, 0, 2, 139.57
1507215347, 0, 84, 416, 399, 43, 4.36%, 0, 0, 2, 119.79
1507215373, 0, 87, 416, 398, 42, 4.36%, 0, 0, 2, 135.60
1507215414, 0, 89, 416, 397, 41, 4.36%, 0, 0, 2, 140.19
1507215449, 0, 92, 416, 396, 40, 4.36%, 0, 0, 2, 140.03
1507215556, 0, 92, 462, 441, 39, 4.36%, 0, 0, 2, 99.28
1507215571, 0, 95, 462, 441, 40, 4.36%, 0, 0, 2, 149.46
1507215602, 0, 100, 462, 440, 40, 4.36%, 0, 0, 2, 151.64
1507215628, 0, 102, 462, 439, 39, 4.36%, 0, 0, 2, 142.07
1507215648, 0, 104, 462, 438, 38, 4.36%, 0, 0, 2, 133.67
1507215679, 0, 111, 462, 437, 37, 4.36%, 0, 0, 2, 132.39
1507215715, 0, 111, 489, 463, 36, 4.37%, 0, 0, 2, 61.00
1507215720, 0, 111, 491, 465, 36, 4.37%, 0, 0, 2, 85.95
1507215736, 0, 113, 491, 465, 37, 4.37%, 0, 0, 2, 139.01
1507215797, 0, 115, 491, 464, 36, 4.37%, 0, 0, 2, 134.99
1507215839, 0, 121, 491, 463, 35, 4.37%, 0, 0, 2, 139.79
1507215972, 0, 122, 491, 462, 34, 4.37%, 0, 0, 2, 152.57
1507216012, 0, 129, 491, 461, 33, 4.37%, 0, 0, 2, 135.34
1507216043, 0, 129, 527, 496, 32, 4.37%, 0, 0, 2, 97.03
1507216049, 0, 129, 528, 497, 32, 4.37%, 0, 0, 2, 57.74
1507216054, 0, 129, 529, 498, 32, 4.37%, 0, 0, 2, 73.51
1507216064, 0, 136, 529, 498, 33, 4.37%, 0, 0, 2, 95.11
1507216135, 0, 138, 529, 497, 32, 4.37%, 0, 0, 2, 133.71
1507216212, 0, 140, 529, 496, 31, 4.37%, 0, 0, 2, 164.17
1507216391, 0, 150, 529, 495, 30, 4.37%, 0, 0, 2, 115.86
1507216427, 0, 151, 529, 494, 29, 4.37%, 0, 0, 2, 97.19
1507216489, 0, 151, 555, 519, 28, 4.37%, 0, 0, 2, 104.85
1507216494, 0, 151, 557, 521, 28, 4.37%, 0, 0, 2, 88.91
1507216509, 0, 162, 557, 521, 28, 4.37%, 0, 0, 2, 148.63
1507216540, 0, 177, 557, 520, 27, 4.37%, 0, 0, 2, 102.17
1507216580, 0, 217, 557, 519, 26, 4.37%, 0, 0, 2, 122.45
1507216688, 0, 232, 557, 518, 25, 4.37%, 0, 0, 2, 121.56
1507216724, 0, 240, 557, 517, 24, 4.37%, 0, 0, 2, 97.92
1507216760, 0, 240, 571, 530, 23, 4.37%, 0, 0, 2, 110.19
1507216765, 0, 240, 573, 532, 23, 4.37%, 0, 0, 2, 75.48
1507216770, 0, 241, 573, 532, 23, 4.37%, 0, 0, 2, 138.13
1507216811, 0, 255, 573, 531, 22, 4.37%, 0, 0, 2, 112.16
1507216899, 0, 263, 573, 530, 21, 4.37%, 0, 0, 2, 118.42
1507217150, 0, 285, 573, 529, 21, 4.37%, 0, 0, 2, 104.04
1507217186, 0, 296, 573, 528, 20, 4.37%, 0, 0, 2, 105.17
1507217268, 0, 296, 604, 558, 19, 4.38%, 0, 0, 2, 107.06
1507217278, 0, 316, 604, 558, 21, 4.38%, 0, 0, 2, 113.65
1507217381, 0, 318, 604, 557, 20, 4.38%, 0, 0, 2, 95.69
1507217584, 0, 320, 604, 556, 19, 4.38%, 0, 0, 2, 130.02
1507217629, 0, 326, 604, 555, 18, 4.38%, 0, 0, 2, 141.78
1507217685, 0, 328, 604, 554, 17, 4.38%, 0, 0, 2, 110.37
1507217757, 0, 328, 609, 558, 16, 4.38%, 0, 0, 2, 88.34
1507217793, 0, 329, 609, 558, 16, 4.38%, 0, 0, 2, 132.09
1507217869, 0, 330, 609, 557, 15, 4.38%, 0, 0, 2, 126.22
1507217997, 0, 343, 609, 556, 14, 4.38%, 0, 0, 2, 83.63
1507218038, 0, 344, 609, 555, 13, 4.38%, 0, 0, 2, 145.93
1507218074, 0, 364, 609, 554, 12, 4.38%, 0, 0, 2, 131.41
1507218151, 0, 364, 614, 558, 11, 4.38%, 0, 0, 2, 9.64
1507218156, 0, 365, 615, 559, 12, 4.38%, 0, 0, 2, 109.95
1507218289, 0, 366, 615, 558, 11, 4.38%, 0, 0, 2, 124.18
1507218422, 0, 384, 615, 557, 10, 4.38%, 0, 0, 2, 151.29
1507218740, 0, 396, 615, 556, 9, 4.38%, 0, 0, 2, 127.77
1507224628, 0, 410, 615, 555, 8, 4.38%, 0, 0, 2, 101.36
1507229342, 0, 410, 675, 614, 7, 4.47%, 0, 0, 2, 106.76
1507229347, 0, 410, 740, 679, 7, 4.50%, 0, 0, 2, 114.97
1507229352, 0, 410, 762, 701, 7, 4.51%, 0, 0, 2, 78.27
1507229424, 0, 411, 762, 701, 28, 4.51%, 0, 0, 2, 83.04
1507230273, 0, 436, 762, 700, 28, 4.51%, 0, 0, 2, 133.42
1507237910, 0, 473, 762, 699, 27, 4.51%, 0, 0, 2, 95.22
1507243463, 0, 482, 762, 698, 26, 4.51%, 0, 0, 2, 88.67
1507243525, 0, 484, 762, 697, 25, 4.51%, 0, 0, 2, 98.09
1507243602, 0, 484, 810, 744, 25, 4.51%, 0, 0, 2, 95.16
1507243607, 0, 484, 860, 794, 25, 4.51%, 0, 0, 2, 118.23
1507243613, 0, 484, 861, 795, 25, 4.51%, 0, 0, 2, 84.55
1507243659, 0, 484, 862, 796, 25, 4.52%, 0, 0, 2, 59.19
1507243674, 0, 577, 862, 796, 25, 4.52%, 0, 0, 2, 94.60
1507243715, 0, 581, 862, 795, 24, 4.52%, 0, 0, 2, 91.02
1507243766, 0, 621, 862, 794, 23, 4.52%, 0, 0, 2, 126.88
1507244006, 0, 636, 862, 793, 22, 4.52%, 0, 0, 2, 111.38
1507244068, 0, 640, 862, 792, 21, 4.52%, 0, 0, 2, 135.84
1507255952, 0, 640, 863, 793, 21, 4.52%, 0, 0, 2, 138.72
1507255978, 0, 640, 914, 843, 20, 4.52%, 0, 0, 2, 91.01
1507255983, 0, 640, 924, 853, 20, 4.53%, 0, 0, 2, 72.52
1507256024, 0, 642, 924, 853, 23, 4.53%, 0, 0, 2, 80.83
1507267182, 0, 646, 924, 852, 22, 4.53%, 0, 0, 2, 94.19
1507267265, 0, 667, 924, 851, 21, 4.53%, 0, 0, 2, 86.73
1507267484, 0, 672, 924, 850, 20, 4.53%, 0, 0, 2, 89.30
1507267664, 0, 687, 924, 849, 19, 4.53%, 0, 0, 2, 111.55
1507267980, 0, 687, 932, 856, 18, 4.53%, 0, 0, 2, 68.72
1507268000, 0, 693, 932, 856, 18, 4.53%, 0, 0, 2, 108.51
1507268245, 0, 694, 932, 855, 17, 4.53%, 0, 0, 2, 70.90
1507288576, 0, 700, 932, 854, 16, 4.53%, 0, 0, 2, 89.54
1507289884, 0, 703, 932, 853, 15, 4.53%, 0, 0, 2, 106.45
1507292036, 0, 708, 932, 852, 14, 4.53%, 0, 0, 2, 112.40
1507292112, 0, 708, 957, 876, 13, 4.56%, 0, 0, 2, 91.73
1507292117, 0, 708, 965, 884, 13, 4.56%, 0, 0, 2, 69.12
1507292153, 0, 715, 965, 884, 16, 4.56%, 0, 0, 2, 129.29
1507292204, 0, 736, 965, 883, 15, 4.56%, 0, 0, 2, 130.56
1507292337, 0, 747, 965, 882, 14, 4.56%, 0, 0, 2, 124.40
1507292471, 0, 750, 965, 881, 13, 4.56%, 0, 0, 2, 78.39
1507292687, 0, 753, 965, 880, 12, 4.56%, 0, 0, 2, 116.94
1507292898, 0, 774, 965, 879, 11, 4.56%, 0, 0, 2, 112.94
1507292985, 0, 799, 965, 878, 10, 4.56%, 0, 0, 2, 139.75
1507293184, 0, 861, 965, 877, 10, 4.56%, 0, 0, 2, 107.32
