# unix_time, cycles_done, cur_path, paths_total, pending_total, pending_favs, map_size, unique_crashes, unique_hangs, max_depth, execs_per_sec
1507214618, 0, 0, 2, 2, 2, 3.58%, 0, 0, 1, 228.57
1507214623, 0, 0, 11, 11, 2, 3.62%, 0, 0, 2, 252.33
1507214628, 0, 0, 15, 15, 2, 3.62%, 0, 0, 2, 242.61
1507214634, 0, 0, 19, 19, 2, 3.63%, 0, 0, 2, 244.54
1507214639, 0, 0, 20, 20, 2, 3.63%, 0, 0, 2, 240.56
1507214644, 0, 0, 23, 23, 2, 3.63%, 0, 0, 2, 239.27
1507214654, 0, 0, 24, 24, 2, 3.64%, 0, 0, 2, 245.48
1507214659, 0, 0, 26, 26, 2, 3.64%, 0, 0, 2, 232.16
1507214664, 0, 0, 27, 27, 2, 3.64%, 0, 0, 2, 225.18
1507214674, 0, 0, 28, 28, 2, 3.64%, 0, 0, 2, 220.72
1507214679, 0, 0, 29, 29, 2, 3.64%, 0, 0, 2, 232.32
1507214694, 0, 0, 30, 30, 2, 3.64%, 0, 0, 2, 211.13
1507214720, 0, 0, 31, 31, 2, 3.65%, 0, 0, 2, 220.66
1507214725, 0, 0, 37, 37, 2, 3.66%, 0, 0, 2, 231.37
1507214731, 0, 0, 45, 45, 2, 3.66%, 0, 0, 2, 226.39
1507214736, 0, 0, 46, 46, 2, 3.66%, 0, 0, 2, 238.66
1507214741, 0, 0, 47, 47, 2, 3.66%, 0, 0, 2, 244.64
1507214746, 0, 0, 48, 48, 2, 3.66%, 0, 0, 2, 244.94
1507214756, 0, 0, 51, 51, 2, 3.66%, 0, 0, 2, 228.14
1507214762, 0, 0, 54, 54, 2, 3.66%, 0, 0, 2, 235.68
1507214772, 0, 0, 56, 56, 2, 3.66%, 0, 0, 2, 226.60
1507214808, 0, 0, 70, 70, 2, 3.66%, 0, 0, 2, 234.87
1507214813, 0, 0, 89, 89, 2, 3.66%, 0, 0, 2, 102.93
1507214818, 0, 0, 101, 101, 2, 3.66%, 0, 0, 2, 180.30
1507214823, 0, 0, 104, 104, 2, 3.67%, 0, 0, 2, 94.18
1507214828, 0, 0, 106, 106, 2, 3.67%, 0, 0, 2, 181.33
1507214833, 0, 0, 110, 110, 2, 3.67%, 0, 0, 2, 139.10
1507214839, 0, 0, 113, 113, 2, 3.67%, 0, 0, 2, 204.38
1507214844, 0, 0, 115, 115, 2, 3.67%, 0, 0, 2, 163.38
1507214854, 0, 0, 116, 116, 2, 3.67%, 0, 0, 2, 177.10
1507214859, 0, 0, 118, 118, 2, 3.67%, 0, 0, 2, 194.13
1507214869, 0, 0, 120, 120, 2, 3.67%, 0, 0, 2, 164.08
1507214895, 0, 0, 121, 121, 2, 3.67%, 0, 0, 2, 157.07
1507214905, 0, 0, 122, 122, 2, 3.67%, 0, 0, 2, 139.31
1507214930, 0, 0, 123, 123, 2, 3.67%, 0, 0, 2, 165.99
1507214941, 0, 0, 124, 124, 2, 3.67%, 0, 0, 2, 176.54
1507214961, 0, 0, 126, 126, 2, 3.67%, 0, 0, 2, 102.19
1507214997, 0, 0, 128, 128, 2, 3.68%, 0, 0, 2, 123.93
1507215023, 0, 0, 129, 129, 2, 3.68%, 0, 0, 2, 207.25
1507215034, 0, 0, 130, 130, 2, 3.68%, 0, 0, 2, 16.81
1507215039, 0, 0, 194, 193, 1, 3.98%, 0, 0, 2, 186.02
1507215044, 0, 0, 307, 306, 1, 4.35%, 0, 0, 2, 196.65
1507215049, 0, 0, 382, 381, 1, 4.37%, 0, 0, 2, 196.34
1507215054, 0, 0, 415, 414, 1, 4.38%, 0, 0, 2, 33.61
1507215059, 0, 0, 416, 415, 1, 4.38%, 0, 0, 2, 132.30
1507215069, 0, 0, 428, 427, 1, 4.38%, 0, 0, 2, 179.16
1507215075, 0, 0, 444, 443, 1, 4.42%, 0, 0, 2, 167.81
1507215095, 0, 16, 444, 443, 58, 4.42%, 0, 0, 2, 189.41
1507215285, 0, 102, 444, 442, 57, 4.42%, 0, 0, 2, 208.31
1507215454, 0, 126, 444, 441, 56, 4.42%, 0, 0, 2, 178.23
1507215459, 0, 129, 444, 440, 55, 4.42%, 0, 0, 2, 177.73
1507215531, 0, 132, 444, 439, 54, 4.42%, 0, 0, 2, 163.52
1507215536, 0, 132, 481, 475, 53, 4.47%, 0, 0, 2, 150.99
1507215541, 0, 132, 498, 492, 53, 4.48%, 0, 0, 2, 6.94
1507215547, 0, 132, 528, 522, 53, 4.51%, 0, 0, 2, 146.17
1507215552, 0, 132, 553, 547, 53, 4.52%, 0, 0, 2, 173.18
1507215562, 0, 137, 553, 547, 56, 4.52%, 0, 0, 2, 225.81
1507215583, 0, 139, 553, 546, 55, 4.52%, 0, 0, 2, 194.66
1507215629, 0, 142, 553, 545, 54, 4.52%, 0, 0, 2, 215.15
1507215655, 0, 143, 553, 544, 53, 4.52%, 0, 0, 2, 166.81
1507215670, 0, 144, 553, 543, 52, 4.52%, 0, 0, 2, 208.19
1507215696, 0, 144, 566, 555, 51, 4.52%, 0, 0, 2, 142.16
1507215701, 0, 144, 581, 570, 51, 4.52%, 0, 0, 2, 151.36
1507215706, 0, 146, 581, 570, 52, 4.52%, 0, 0, 2, 134.07
1507215727, 0, 147, 581, 569, 51, 4.52%, 0, 0, 2, 200.91
1507215742, 0, 150, 581, 568, 50, 4.52%, 0, 0, 2, 168.05
1507215768, 0, 151, 581, 567, 49, 4.52%, 0, 0, 2, 212.11
1507215783, 0, 152, 581, 566, 48, 4.52%, 0, 0, 2, 188.73
1507215804, 0, 152, 609, 593, 47, 4.52%, 0, 0, 2, 128.11
1507215809, 0, 162, 611, 595, 48, 4.52%, 0, 0, 2, 118.57
1507215830, 0, 163, 611, 594, 47, 4.52%, 0, 0, 2, 191.64
1507215860, 0, 164, 611, 593, 46, 4.52%, 0, 0, 2, 202.82
1507215881, 0, 169, 611, 592, 45, 4.52%, 0, 0, 2, 176.28
1507215901, 0, 172, 611, 591, 44, 4.52%, 0, 0, 2, 231.38
1507215922, 0, 172, 618, 597, 43, 4.52%, 0, 0, 2, 153.14
1507215927, 0, 173, 625, 604, 43, 4.52%, 0, 0, 2, 196.62
1507215948, 0, 175, 625, 603, 42, 4.52%, 0, 0, 2, 196.73
1507215968, 0, 185, 625, 602, 41, 4.52%, 0, 0, 2, 190.51
1507215994, 0, 191, 625, 601, 40, 4.52%, 0, 0, 2, 122.61
1507216086, 0, 198, 625, 600, 39, 4.52%, 0, 0, 2, 186.29
1507216111, 0, 198, 629, 603, 38, 4.52%, 0, 0, 2, 149.00
1507216116, 0, 198, 662, 636, 38, 4.52%, 0, 0, 2, 40.31
1507216126, 0, 205, 662, 636, 38, 4.52%, 0, 0, 2, 276.21
1507216172, 0, 207, 662, 635, 37, 4.52%, 0, 0, 2, 213.52
1507216229, 0, 216, 662, 634, 36, 4.52%, 0, 0, 2, 154.70
1507216259, 0, 217, 662, 633, 35, 4.52%, 0, 0, 2, 218.67
1507216291, 0, 217, 663, 634, 35, 4.52%, 0, 0, 2, 141.93
1507216301, 0, 228, 663, 633, 34, 4.52%, 0, 0, 2, 212.60
1507216326, 0, 228, 681, 650, 33, 4.52%, 0, 0, 2, 145.86
1507216331, 0, 240, 681, 650, 33, 4.52%, 0, 0, 2, 205.08
1507216398, 0, 241, 681, 649, 33, 4.52%, 0, 0, 2, 147.10
1507216429, 0, 273, 681, 648, 32, 4.52%, 0, 0, 2, 219.78
1507216501, 0, 280, 681, 647, 31, 4.52%, 0, 0, 2, 143.56
1507216542, 0, 285, 681, 646, 30, 4.52%, 0, 0, 2, 183.15
1507216567, 0, 285, 698, 662, 29, 4.52%, 0, 0, 2, 133.98
1507216572, 0, 287, 698, 662, 29, 4.52%, 0, 0, 2, 202.87
1507216608, 0, 289, 698, 661, 29, 4.52%, 0, 0, 2, 194.04
1507216669, 0, 293, 698, 660, 28, 4.52%, 0, 0, 2, 133.91
1507216695, 0, 294, 698, 659, 27, 4.52%, 0, 0, 2, 184.50
1507216721, 0, 297, 698, 658, 26, 4.52%, 0, 0, 2, 150.34
1507216752, 0, 305, 709, 668, 25, 4.52%, 0, 0, 2, 150.24
1507216778, 0, 331, 709, 667, 25, 4.52%, 0, 0, 2, 168.16
1507216803, 0, 331, 710, 668, 25, 4.53%, 0, 0, 2, 67.12
1507216819, 0, 340, 710, 667, 25, 4.53%, 0, 0, 2, 158.08
1507216997, 0, 342, 710, 666, 25, 4.53%, 0, 0, 2, 199.14
1507217049, 0, 352, 710, 665, 24, 4.53%, 0, 0, 2, 209.78
1507217303, 0, 352, 729, 683, 24, 4.53%, 0, 0, 2, 126.85
1507217308, 0, 352, 755, 709, 24, 4.53%, 0, 0, 2, 140.52
1507217313, 0, 364, 755, 709, 25, 4.53%, 0, 0, 2, 172.21
1507217462, 0, 366, 755, 708, 24, 4.53%, 0, 0, 2, 171.07
1507217493, 0, 372, 755, 707, 23, 4.53%, 0, 0, 2, 133.80
1507217534, 0, 374, 755, 706, 22, 4.53%, 0, 0, 2, 113.68
1507217585, 0, 375, 755, 705, 21, 4.53%, 0, 0, 2, 135.90
1507217641, 0, 375, 760, 709, 20, 4.53%, 0, 0, 2, 95.22
1507217667, 0, 376, 760, 709, 20, 4.53%, 0, 0, 2, 161.03
1507217754, 0, 387, 760, 708, 19, 4.53%, 0, 0, 2, 66.01
1507217790, 0, 408, 760, 707, 18, 4.53%, 0, 0, 2, 145.91
1507217841, 0, 409, 760, 706, 17, 4.53%, 0, 0, 2, 148.97
1507217937, 0, 419, 760, 705, 16, 4.53%, 0, 0, 2, 203.41
1507218127, 0, 419, 767, 711, 15, 4.53%, 0, 0, 2, 62.47
1507218133, 0, 421, 767, 711, 16, 4.53%, 0, 0, 2, 194.66
1507218250, 0, 440, 767, 710, 15, 4.53%, 0, 0, 2, 172.80
1507218495, 0, 442, 767, 709, 14, 4.53%, 0, 0, 2, 180.67
1507218535, 0, 459, 767, 708, 13, 4.53%, 0, 0, 2, 161.55
1507218815, 0, 460, 767, 707, 13, 4.53%, 0, 0, 2, 147.17
1507222730, 0, 460, 768, 707, 12, 4.53%, 0, 0, 2, 81.96
1507222735, 0, 460, 806, 745, 12, 4.59%, 0, 0, 2, 109.25
1507222751, 0, 470, 806, 745, 22, 4.59%, 0, 0, 2, 105.02
1507225939, 0, 492, 806, 744, 21, 4.59%, 0, 0, 2, 159.87
1507231357, 0, 516, 806, 743, 20, 4.59%, 0, 0, 2, 126.87
1507232157, 0, 517, 806, 742, 19, 4.59%, 0, 0, 2, 165.33
1507232422, 0, 530, 806, 741, 18, 4.59%, 0, 0, 2, 165.39
1507233200, 0, 530, 855, 789, 17, 4.64%, 0, 0, 2, 116.60
1507233205, 0, 530, 911, 845, 17, 4.65%, 0, 0, 2, 180.49
1507233210, 0, 530, 923, 857, 17, 4.66%, 0, 0, 2, 44.31
1507233215, 0, 530, 925, 859, 17, 4.66%, 0, 0, 2, 60.59
1507233220, 0, 530, 932, 866, 17, 4.66%, 0, 0, 2, 89.06
1507233251, 0, 547, 932, 866, 27, 4.66%, 0, 0, 2, 65.85
1507233735, 0, 557, 932, 865, 26, 4.66%, 0, 0, 2, 156.14
1507237434, 0, 560, 932, 864, 25, 4.66%, 0, 0, 2, 171.52
1507237572, 0, 576, 932, 863, 25, 4.66%, 0, 0, 2, 172.06
1507237613, 0, 584, 932, 862, 24, 4.66%, 0, 0, 2, 146.06
1507237674, 0, 584, 970, 899, 24, 4.66%, 0, 0, 2, 126.29
1507237685, 0, 584, 973, 902, 24, 4.66%, 0, 0, 2, 81.29
1507237690, 0, 584, 974, 903, 24, 4.66%, 0, 0, 2, 76.44
1507237705, 0, 601, 974, 903, 24, 4.66%, 0, 0, 2, 143.58
1507239872, 0, 645, 974, 902, 24, 4.66%, 0, 0, 2, 118.44
1507244234, 0, 709, 974, 901, 24, 4.66%, 0, 0, 2, 95.46
1507244265, 0, 714, 974, 900, 23, 4.66%, 0, 0, 2, 123.59
1507244306, 0, 717, 974, 899, 22, 4.66%, 0, 0, 2, 191.52
1507245016, 0, 717, 983, 907, 22, 4.66%, 0, 0, 2, 129.70
1507245021, 0, 717, 1010, 934, 22, 4.66%, 0, 0, 2, 123.86
1507245027, 0, 717, 1012, 936, 22, 4.66%, 0, 0, 2, 57.00
1507245047, 0, 773, 1012, 936, 24, 4.66%, 0, 0, 2, 177.94
1507245246, 0, 777, 1012, 935, 23, 4.66%, 0, 0, 2, 61.04
1507245617, 0, 785, 1012, 934, 23, 4.66%, 0, 0, 2, 132.68
1507245663, 0, 789, 1012, 933, 22, 4.66%, 0, 0, 2, 152.22
1507254775, 0, 789, 1014, 935, 22, 4.66%, 0, 0, 2, 204.14
1507255197, 0, 791, 1014, 934, 22, 4.66%, 0, 0, 2, 107.70
1507262843, 0, 791, 1040, 959, 21, 4.66%, 0, 0, 2, 117.24
1507262848, 0, 791, 1057, 976, 21, 4.68%, 0, 0, 2, 89.98
1507262853, 0, 791, 1058, 977, 21, 4.68%, 0, 0, 2, 78.00
1507262883, 0, 795, 1058, 977, 21, 4.68%, 0, 0, 2, 189.59
1507262950, 0, 825, 1058, 976, 20, 4.68%, 0, 0, 2, 220.40
1507263133, 0, 830, 1058, 975, 19, 4.68%, 0, 0, 2, 134.03
1507263281, 0, 832, 1058, 974, 18, 4.68%, 0, 0, 2, 175.39
1507263566, 0, 849, 1058, 973, 18, 4.68%, 0, 0, 2, 195.50
1507263879, 0, 850, 1058, 972, 17, 4.68%, 0, 0, 2, 164.20
1507264073, 0, 851, 1058, 971, 16, 4.68%, 0, 0, 2, 134.86
1507277447, 0, 856, 1058, 970, 15, 4.68%, 0, 0, 2, 171.41
1507278560, 0, 859, 1058, 969, 14, 4.68%, 0, 0, 2, 176.18
1507280409, 0, 864, 1058, 968, 13, 4.68%, 0, 0, 2, 184.95
1507280471, 0, 864, 1072, 981, 12, 4.68%, 0, 0, 2, 108.58
1507280491, 0, 866, 1072, 981, 12, 4.68%, 0, 0, 2, 186.62
1507280533, 0, 871, 1072, 980, 11, 4.68%, 0, 0, 2, 95.18
1507280573, 0, 875, 1072, 979, 10, 4.68%, 0, 0, 2, 174.36
1507280716, 0, 896, 1072, 978, 10, 4.68%, 0, 0, 2, 206.51
1507280824, 0, 899, 1072, 977, 9, 4.68%, 0, 0, 2, 184.70
1507280987, 0, 919, 1072, 976, 8, 4.68%, 0, 0, 2, 114.94
1507281059, 0, 1029, 1072, 975, 7, 4.68%, 0, 0, 2, 179.12
1507285333, 0, 1047, 1072, 974, 6, 4.68%, 0, 0, 2, 176.52
1507285364, 0, 1048, 1072, 973, 5, 4.68%, 0, 0, 2, 192.03
1507285390, 0, 1054, 1072, 972, 4, 4.68%, 0, 0, 2, 162.21
1507285770, 0, 1054, 1077, 976, 4, 4.68%, 0, 0, 2, 66.58
1507285780, 0, 1059, 1077, 976, 4, 4.68%, 0, 0, 2, 136.12
1507293194, 0, 1059, 1078, 977, 4, 4.68%, 0, 0, 2, 212.68
1507293214, 0, 1059, 1079, 978, 4, 4.68%, 0, 0, 2, 210.78
1507293275, 0, 1069, 1079, 977, 3, 4.68%, 0, 0, 2, 71.25
1507293453, 1, 45, 1079, 976, 2, 4.68%, 0, 0, 2, 134.00
1507293525, 1, 104, 1079, 975, 2, 4.68%, 0, 0, 2, 92.03
1507293744, 1, 145, 1079, 974, 2, 4.68%, 0, 0, 2, 147.48
1507293764, 1, 145, 1099, 993, 1, 4.70%, 0, 0, 2, 168.21
1507293769, 1, 145, 1101, 995, 1, 4.70%, 0, 0, 2, 115.58
1507293780, 1, 159, 1101, 995, 5, 4.70%, 0, 0, 2, 108.73
1507293811, 1, 168, 1101, 994, 4, 4.70%, 0, 0, 2, 179.42
1507293872, 1, 423, 1101, 993, 4, 4.70%, 0, 0, 2, 107.02
1507294197, 1, 528, 1101, 992, 4, 4.70%, 0, 0, 2, 177.88
1507294715, 1, 684, 1101, 991, 4, 4.70%, 0, 0, 2, 179.07
1507295128, 1, 721, 1102, 991, 4, 4.70%, 0, 0, 2, 169.13
1507295291, 1, 755, 1102, 990, 4, 4.70%, 0, 0, 2, 68.66
1507295438, 1, 820, 1102, 989, 4, 4.70%, 0, 0, 2, 197.64
1507295621, 1, 906, 1102, 988, 4, 4.70%, 0, 0, 2, 188.83
1507296034, 1, 951, 1102, 987, 4, 4.70%, 0, 0, 2, 150.71
1507296323, 1, 951, 1103, 987, 4, 4.70%, 0, 0, 2, 132.69
1507296329, 1, 967, 1103, 987, 4, 4.70%, 0, 0, 2, 214.54
1507296447, 1, 1053, 1103, 986, 4, 4.70%, 0, 0, 2, 201.41
1507299185, 1, 1080, 1103, 985, 4, 4.70%, 0, 0, 2, 97.55
1507299241, 1, 1085, 1103, 984, 3, 4.70%, 0, 0, 2, 185.17
1507299292, 1, 1085, 1111, 991, 3, 4.70%, 0, 0, 2, 97.26
1507299298, 1, 1087, 1111, 991, 3, 4.70%, 0, 0, 2, 182.45
1507299348, 1, 1089, 1111, 990, 2, 4.70%, 0, 0, 2, 226.96
1507303628, 1, 1099, 1111, 989, 1, 4.70%, 0, 0, 2, 143.73
1507303740, 1, 1104, 1111, 988, 0, 4.70%, 0, 0, 2, 186.87
1507362315, 1, 1105, 1111, 987, 0, 4.70%, 0, 0, 2, 99.35
1507363346, 1, 1105, 1165, 1040, 0, 4.72%, 0, 0, 2, 16.67
1507363397, 1, 1134, 1165, 1040, 4, 4.72%, 0, 0, 2, 94.56
1507363474, 1, 1140, 1165, 1039, 3, 4.72%, 0, 0, 2, 185.51
1507368107, 1, 1151, 1165, 1038, 2, 4.72%, 0, 0, 2, 171.07
1507368265, 1, 1152, 1165, 1037, 1, 4.72%, 0, 0, 2, 109.28
1507368373, 1, 1154, 1165, 1036, 0, 4.72%, 0, 0, 2, 69.73
1507368383, 1, 1154, 1166, 1037, 0, 4.72%, 0, 0, 2, 185.76
1507383981, 1, 1154, 1171, 1041, 0, 4.72%, 0, 0, 2, 46.15
1507383997, 1, 1158, 1171, 1041, 0, 4.72%, 0, 0, 2, 180.34
1507384099, 1, 1166, 1171, 1040, 0, 4.72%, 0, 0, 2, 80.35
1507385631, 2, 5, 1171, 1039, 0, 4.72%, 0, 0, 2, 176.95
1507385887, 2, 14, 1171, 1038, 0, 4.72%, 0, 0, 2, 136.98
1507386136, 2, 15, 1171, 1037, 0, 4.72%, 0, 0, 2, 157.39
1507386397, 2, 18, 1173, 1038, 0, 4.72%, 0, 0, 2, 93.60
1507386665, 2, 21, 1173, 1037, 0, 4.72%, 0, 0, 2, 217.68
1507386840, 2, 27, 1173, 1036, 0, 4.72%, 0, 0, 2, 70.55
1507387102, 2, 36, 1173, 1035, 0, 4.72%, 0, 0, 2, 124.86
1507387219, 2, 40, 1173, 1034, 0, 4.72%, 0, 0, 2, 133.17
1507387245, 2, 50, 1174, 1034, 0, 4.72%, 0, 0, 2, 97.98
1507387505, 2, 54, 1174, 1033, 0, 4.72%, 0, 0, 2, 121.80
1507387602, 2, 55, 1174, 1032, 0, 4.72%, 0, 0, 2, 179.47
1507387695, 2, 63, 1174, 1031, 0, 4.72%, 0, 0, 2, 166.06
1507387751, 2, 65, 1174, 1030, 0, 4.72%, 0, 0, 2, 137.82
1507387818, 2, 66, 1174, 1029, 0, 4.72%, 0, 0, 2, 81.42
1507387956, 2, 71, 1174, 1028, 0, 4.72%, 0, 0, 2, 277.23
1507388028, 2, 73, 1174, 1027, 0, 4.72%, 0, 0, 2, 191.04
1507388127, 2, 74, 1174, 1026, 0, 4.72%, 0, 0, 2, 166.42
1507388377, 2, 83, 1175, 1026, 0, 4.72%, 0, 0, 2, 181.45
1507388556, 2, 87, 1175, 1025, 0, 4.72%, 0, 0, 2, 94.26
1507388689, 2, 100, 1175, 1024, 0, 4.72%, 0, 0, 2, 141.23
1507388735, 2, 102, 1175, 1023, 0, 4.72%, 0, 0, 2, 15.04
1507388740, 2, 109, 1175, 1023, 0, 4.72%, 0, 0, 2, 215.33
1507388797, 2, 119, 1175, 1022, 0, 4.72%, 0, 0, 2, 205.66
1507389103, 2, 129, 1175, 1021, 0, 4.72%, 0, 0, 2, 66.84
1507389108, 2, 132, 1175, 1021, 0, 4.72%, 0, 0, 2, 33.51
1507389113, 2, 135, 1175, 1021, 0, 4.72%, 0, 0, 2, 172.09
1507389185, 2, 138, 1175, 1020, 0, 4.72%, 0, 0, 2, 131.34
1507389267, 2, 139, 1175, 1019, 0, 4.72%, 0, 0, 2, 125.71
1507389273, 2, 142, 1175, 1019, 0, 4.72%, 0, 0, 2, 90.19
1507389278, 2, 143, 1175, 1019, 0, 4.72%, 0, 0, 2, 66.07
1507389283, 2, 145, 1175, 1019, 0, 4.72%, 0, 0, 2, 76.48
1507389293, 2, 147, 1175, 1019, 0, 4.72%, 0, 0, 2, 79.49
1507389298, 2, 149, 1175, 1019, 0, 4.72%, 0, 0, 2, 176.90
1507389329, 2, 150, 1175, 1018, 0, 4.72%, 0, 0, 2, 76.72
1507389334, 2, 156, 1175, 1018, 0, 4.72%, 0, 0, 2, 179.42
1507389365, 2, 159, 1175, 1017, 0, 4.72%, 0, 0, 2, 97.98
1507389370, 2, 161, 1175, 1017, 0, 4.72%, 0, 0, 2, 169.82
1507389401, 2, 162, 1175, 1016, 0, 4.72%, 0, 0, 2, 61.67
1507389406, 2, 164, 1175, 1016, 0, 4.72%, 0, 0, 2, 71.15
1507389411, 2, 169, 1175, 1016, 0, 4.72%, 0, 0, 2, 34.88
1507389416, 2, 172, 1175, 1016, 0, 4.72%, 0, 0, 2, 61.83
1507389421, 2, 175, 1175, 1016, 0, 4.72%, 0, 0, 2, 88.07
1507389426, 2, 182, 1175, 1016, 0, 4.72%, 0, 0, 2, 183.28
1507389452, 2, 186, 1175, 1015, 0, 4.72%, 0, 0, 2, 117.15
1507389534, 2, 189, 1175, 1014, 0, 4.72%, 0, 0, 2, 228.90
1507389595, 2, 191, 1175, 1013, 0, 4.72%, 0, 0, 2, 81.75
1507389600, 2, 192, 1175, 1013, 0, 4.72%, 0, 0, 2, 162.83
1507389672, 2, 199, 1175, 1012, 0, 4.72%, 0, 0, 2, 80.53
1507389713, 2, 203, 1175, 1011, 0, 4.72%, 0, 0, 2, 151.43
1507389775, 2, 204, 1175, 1010, 0, 4.72%, 0, 0, 2, 108.84
1507389837, 2, 205, 1175, 1009, 0, 4.72%, 0, 0, 2, 123.11
1507389842, 2, 207, 1175, 1009, 0, 4.72%, 0, 0, 2, 22.08
1507389847, 2, 211, 1175, 1009, 0, 4.72%, 0, 0, 2, 214.31
1507389893, 2, 212, 1175, 1008, 0, 4.72%, 0, 0, 2, 133.25
1507389970, 2, 216, 1175, 1007, 0, 4.72%, 0, 0, 2, 89.44
1507389975, 2, 217, 1175, 1007, 0, 4.72%, 0, 0, 2, 124.30
1507389980, 2, 226, 1175, 1007, 0, 4.72%, 0, 0, 2, 192.96
1507390047, 2, 228, 1175, 1006, 0, 4.72%, 0, 0, 2, 49.58
1507390052, 2, 231, 1175, 1006, 0, 4.72%, 0, 0, 2, 146.92
1507390108, 2, 236, 1175, 1005, 0, 4.72%, 0, 0, 2, 183.42
1507390190, 2, 238, 1175, 1004, 0, 4.72%, 0, 0, 2, 144.36
1507390241, 2, 241, 1175, 1003, 0, 4.72%, 0, 0, 2, 85.07
1507390247, 2, 248, 1175, 1003, 0, 4.72%, 0, 0, 2, 151.05
1507390344, 2, 249, 1175, 1002, 0, 4.72%, 0, 0, 2, 114.18
1507390447, 2, 258, 1175, 1001, 0, 4.72%, 0, 0, 2, 129.82
1507390488, 2, 267, 1175, 1000, 0, 4.72%, 0, 0, 2, 154.88
1507390589, 2, 268, 1175, 999, 0, 4.72%, 0, 0, 2, 180.75
1507390656, 2, 271, 1175, 998, 0, 4.72%, 0, 0, 2, 194.55
1507390722, 2, 272, 1175, 997, 0, 4.72%, 0, 0, 2, 167.44
1507390778, 2, 284, 1175, 996, 0, 4.72%, 0, 0, 2, 87.46
1507390814, 2, 285, 1175, 995, 0, 4.72%, 0, 0, 2, 84.54
1507390819, 2, 291, 1175, 995, 0, 4.72%, 0, 0, 2, 99.28
1507390968, 2, 293, 1175, 994, 0, 4.72%, 0, 0, 2, 63.24
1507390973, 2, 294, 1175, 994, 0, 4.72%, 0, 0, 2, 64.11
1507390978, 2, 296, 1175, 994, 0, 4.72%, 0, 0, 2, 161.79
1507391008, 2, 297, 1175, 993, 0, 4.72%, 0, 0, 2, 113.10
1507391014, 2, 300, 1175, 993, 0, 4.72%, 0, 0, 2, 163.86
1507391049, 2, 307, 1175, 992, 0, 4.72%, 0, 0, 2, 216.23
1507391106, 2, 310, 1175, 991, 0, 4.72%, 0, 0, 2, 128.63
1507391345, 2, 311, 1175, 990, 0, 4.72%, 0, 0, 2, 186.73
1507391514, 2, 312, 1175, 989, 0, 4.72%, 0, 0, 2, 178.29
1507391591, 2, 316, 1175, 988, 0, 4.72%, 0, 0, 2, 150.38
1507391820, 2, 323, 1175, 987, 0, 4.72%, 0, 0, 2, 145.71
1507392117, 2, 324, 1175, 986, 0, 4.72%, 0, 0, 2, 195.03
1507392325, 2, 332, 1175, 985, 0, 4.72%, 0, 0, 2, 139.54
1507392559, 2, 334, 1175, 984, 0, 4.72%, 0, 0, 2, 202.21
1507392778, 2, 335, 1175, 983, 0, 4.72%, 0, 0, 2, 159.76
1507392951, 2, 336, 1175, 982, 0, 4.72%, 0, 0, 2, 155.86
1507393088, 2, 338, 1175, 981, 0, 4.72%, 0, 0, 2, 168.59
1507393319, 2, 339, 1175, 980, 0, 4.72%, 0, 0, 2, 143.72
1507393528, 2, 365, 1175, 979, 0, 4.72%, 0, 0, 2, 110.65
1507393564, 2, 372, 1175, 978, 0, 4.72%, 0, 0, 2, 81.73
1507393569, 2, 380, 1175, 978, 0, 4.72%, 0, 0, 2, 87.64
1507393661, 2, 381, 1175, 977, 0, 4.72%, 0, 0, 2, 170.76
1507393748, 2, 384, 1175, 976, 0, 4.72%, 0, 0, 2, 191.94
1507393830, 2, 389, 1175, 975, 0, 4.72%, 0, 0, 2, 166.89
1507393979, 2, 390, 1175, 974, 0, 4.72%, 0, 0, 2, 168.16
