# unix_time, cycles_done, cur_path, paths_total, pending_total, pending_favs, map_size, unique_crashes, unique_hangs, max_depth, execs_per_sec
1507215605, 0, 0, 1, 1, 1, 3.56%, 0, 0, 1, 6.79
1507215610, 0, 0, 12, 12, 1, 3.59%, 0, 0, 2, 128.65
1507215615, 0, 0, 26, 26, 1, 3.59%, 0, 0, 2, 148.11
1507215620, 0, 0, 33, 33, 1, 3.60%, 0, 0, 2, 136.08
1507215626, 0, 0, 37, 37, 1, 3.60%, 0, 0, 2, 138.73
1507215631, 0, 0, 39, 39, 1, 3.60%, 0, 0, 2, 133.82
1507215636, 0, 0, 41, 41, 1, 3.60%, 0, 0, 2, 153.29
1507215646, 0, 0, 42, 42, 1, 3.60%, 0, 0, 2, 153.18
1507215651, 0, 0, 43, 43, 1, 3.60%, 0, 0, 2, 153.24
1507215656, 0, 0, 44, 44, 1, 3.60%, 0, 0, 2, 162.08
1507215666, 0, 0, 46, 46, 1, 3.60%, 0, 0, 2, 148.20
1507215677, 0, 0, 50, 50, 1, 3.60%, 0, 0, 2, 151.84
1507215687, 0, 0, 53, 53, 1, 3.61%, 0, 0, 2, 161.36
1507215692, 0, 0, 54, 54, 1, 3.61%, 0, 0, 2, 142.85
1507215702, 0, 0, 55, 55, 1, 3.61%, 0, 0, 2, 149.17
1507215733, 0, 0, 56, 56, 1, 3.61%, 0, 0, 2, 174.79
1507215881, 0, 0, 63, 63, 1, 3.61%, 0, 0, 2, 165.32
1507215896, 0, 0, 64, 64, 1, 3.61%, 0, 0, 2, 164.26
1507215901, 0, 0, 65, 65, 1, 3.61%, 0, 0, 2, 169.84
1507215972, 0, 0, 66, 66, 1, 3.61%, 0, 0, 2, 167.70
1507216069, 0, 0, 67, 67, 1, 3.61%, 0, 0, 2, 155.25
1507216079, 0, 0, 107, 106, 0, 3.92%, 0, 0, 2, 126.34
1507216084, 0, 0, 178, 177, 0, 4.30%, 0, 0, 2, 127.69
1507216089, 0, 0, 236, 235, 0, 4.33%, 0, 0, 2, 81.82
1507216094, 0, 0, 290, 289, 0, 4.33%, 0, 0, 2, 68.38
1507216099, 0, 0, 344, 343, 0, 4.35%, 0, 0, 2, 91.15
1507216105, 0, 0, 391, 390, 0, 4.43%, 0, 0, 2, 103.45
1507216110, 0, 0, 450, 449, 0, 4.44%, 0, 0, 2, 124.35
1507216115, 0, 0, 459, 458, 0, 4.44%, 0, 0, 2, 116.26
1507216120, 0, 0, 469, 468, 0, 4.44%, 0, 0, 2, 87.50
1507216130, 0, 0, 471, 470, 0, 4.44%, 0, 0, 2, 95.72
1507216135, 0, 0, 472, 471, 0, 4.44%, 0, 0, 2, 95.04
1507216141, 0, 0, 473, 472, 0, 4.44%, 0, 0, 2, 106.09
1507216146, 0, 0, 474, 473, 0, 4.44%, 0, 0, 2, 119.50
1507216166, 0, 0, 475, 474, 0, 4.44%, 0, 0, 2, 115.70
1507216171, 0, 0, 477, 476, 0, 4.44%, 0, 0, 2, 52.84
1507216192, 0, 0, 479, 478, 0, 4.44%, 0, 0, 2, 96.65
1507216207, 0, 0, 481, 480, 0, 4.45%, 0, 0, 2, 86.30
1507216212, 0, 0, 482, 481, 0, 4.45%, 0, 0, 2, 108.85
1507216228, 0, 0, 484, 483, 0, 4.45%, 0, 0, 2, 73.27
1507216233, 0, 0, 486, 485, 0, 4.45%, 0, 0, 2, 91.75
1507216253, 0, 0, 490, 489, 0, 4.46%, 0, 0, 2, 85.11
1507216258, 0, 0, 512, 511, 0, 4.50%, 0, 0, 2, 14.42
1507216274, 0, 19, 512, 511, 65, 4.50%, 0, 0, 2, 139.92
1507216366, 0, 52, 512, 510, 64, 4.50%, 0, 0, 2, 134.59
1507216417, 0, 53, 512, 509, 63, 4.50%, 0, 0, 2, 143.24
1507216499, 0, 53, 513, 510, 63, 4.50%, 0, 0, 3, 147.29
1507216898, 0, 70, 513, 508, 62, 4.50%, 0, 0, 3, 145.73
1507216913, 0, 70, 542, 536, 61, 4.50%, 0, 0, 3, 117.39
1507216919, 0, 70, 557, 551, 61, 4.52%, 0, 0, 3, 110.21
1507216924, 0, 70, 560, 554, 61, 4.52%, 0, 0, 3, 99.82
1507216929, 0, 70, 572, 566, 61, 4.52%, 0, 0, 3, 93.72
1507216934, 0, 71, 586, 580, 64, 4.52%, 0, 0, 3, 85.09
1507216949, 0, 72, 586, 579, 63, 4.52%, 0, 0, 3, 142.64
1507216959, 0, 73, 586, 578, 62, 4.52%, 0, 0, 3, 142.72
1507216980, 0, 75, 586, 577, 61, 4.52%, 0, 0, 3, 149.96
1507216990, 0, 76, 586, 576, 60, 4.52%, 0, 0, 3, 151.01
1507217010, 0, 79, 593, 582, 59, 4.52%, 0, 0, 3, 143.85
1507217035, 0, 80, 593, 581, 58, 4.52%, 0, 0, 3, 146.67
1507217051, 0, 81, 593, 580, 57, 4.52%, 0, 0, 3, 157.27
1507217066, 0, 90, 593, 579, 56, 4.52%, 0, 0, 3, 133.46
1507217086, 0, 92, 593, 578, 55, 4.52%, 0, 0, 3, 148.93
1507217102, 0, 92, 597, 581, 54, 4.52%, 0, 0, 3, 126.64
1507217107, 0, 94, 597, 581, 54, 4.52%, 0, 0, 3, 170.59
1507217127, 0, 97, 597, 580, 53, 4.52%, 0, 0, 3, 158.28
1507217142, 0, 102, 597, 579, 52, 4.52%, 0, 0, 3, 176.78
1507217158, 0, 103, 597, 578, 51, 4.52%, 0, 0, 3, 156.50
1507217168, 0, 105, 597, 577, 50, 4.52%, 0, 0, 3, 155.17
1507217188, 0, 105, 599, 578, 49, 4.52%, 0, 0, 3, 131.59
1507217193, 0, 114, 603, 582, 49, 4.52%, 0, 0, 3, 134.40
1507217219, 0, 120, 603, 581, 48, 4.52%, 0, 0, 3, 134.37
1507217342, 0, 121, 603, 580, 47, 4.52%, 0, 0, 3, 150.90
1507217367, 0, 128, 603, 579, 46, 4.52%, 0, 0, 3, 145.42
1507217388, 0, 137, 603, 578, 45, 4.52%, 0, 0, 3, 128.84
1507217454, 0, 137, 611, 585, 44, 4.52%, 0, 0, 3, 49.68
1507217459, 0, 137, 615, 589, 44, 4.52%, 0, 0, 3, 48.72
1507217489, 0, 145, 615, 589, 44, 4.52%, 0, 0, 3, 145.67
1507217510, 0, 146, 615, 588, 43, 4.52%, 0, 0, 3, 103.13
1507217551, 0, 156, 615, 587, 42, 4.52%, 0, 0, 3, 116.63
1507217577, 0, 158, 615, 586, 41, 4.52%, 0, 0, 3, 137.75
1507217617, 0, 159, 615, 585, 40, 4.52%, 0, 0, 3, 112.60
1507217669, 0, 159, 618, 587, 39, 4.52%, 0, 0, 3, 55.49
1507217674, 0, 169, 618, 587, 39, 4.52%, 0, 0, 3, 120.13
1507217699, 0, 207, 618, 586, 38, 4.52%, 0, 0, 3, 117.44
1507217776, 0, 228, 618, 585, 37, 4.52%, 0, 0, 3, 107.22
1507217802, 0, 229, 618, 584, 36, 4.52%, 0, 0, 3, 109.70
1507217833, 0, 232, 618, 583, 35, 4.52%, 0, 0, 3, 159.84
1507217859, 0, 232, 620, 584, 34, 4.52%, 0, 0, 3, 7.31
1507217864, 0, 273, 622, 586, 34, 4.52%, 0, 0, 3, 142.98
1507217889, 0, 289, 622, 585, 33, 4.52%, 0, 0, 3, 152.40
1507217935, 0, 306, 622, 584, 32, 4.52%, 0, 0, 3, 131.18
1507218122, 0, 307, 622, 583, 31, 4.52%, 0, 0, 3, 189.74
1507218148, 0, 308, 622, 582, 30, 4.52%, 0, 0, 3, 173.27
1507218168, 0, 308, 625, 584, 29, 4.52%, 0, 0, 3, 107.91
1507218173, 0, 314, 632, 591, 30, 4.52%, 0, 0, 3, 76.04
1507218214, 0, 316, 632, 590, 29, 4.52%, 0, 0, 3, 80.52
1507218270, 0, 317, 632, 589, 28, 4.52%, 0, 0, 3, 156.66
1507218321, 0, 318, 632, 588, 27, 4.52%, 0, 0, 3, 89.68
1507218423, 0, 329, 632, 587, 26, 4.52%, 0, 0, 3, 169.19
1507218443, 0, 329, 634, 588, 25, 4.52%, 0, 0, 3, 127.36
1507218449, 0, 339, 634, 588, 25, 4.52%, 0, 0, 3, 146.73
1507218611, 0, 342, 634, 587, 25, 4.52%, 0, 0, 3, 46.14
1507218652, 0, 350, 634, 586, 24, 4.52%, 0, 0, 3, 145.46
1507218713, 0, 351, 634, 585, 23, 4.52%, 0, 0, 3, 99.15
1507218830, 0, 352, 634, 584, 22, 4.52%, 0, 0, 3, 147.66
1507218952, 0, 352, 638, 587, 21, 4.52%, 0, 0, 3, 73.27
1507218957, 0, 371, 651, 600, 21, 4.52%, 0, 0, 3, 93.88
1507224408, 0, 380, 651, 599, 20, 4.52%, 0, 0, 3, 99.78
1507228752, 0, 406, 651, 598, 19, 4.52%, 0, 0, 3, 121.12
1507233880, 0, 415, 651, 597, 18, 4.52%, 0, 0, 3, 161.37
1507233921, 0, 421, 651, 596, 17, 4.52%, 0, 0, 3, 147.34
1507234451, 0, 421, 670, 614, 17, 4.54%, 0, 0, 3, 122.60
1507234456, 0, 421, 737, 681, 17, 4.63%, 0, 0, 3, 119.90
1507234461, 0, 421, 792, 736, 17, 4.64%, 0, 0, 3, 2.70
1507234466, 0, 421, 816, 760, 17, 4.64%, 0, 0, 3, 75.60
1507234481, 0, 421, 817, 761, 17, 4.64%, 0, 0, 3, 61.68
1507234492, 0, 421, 818, 762, 17, 4.64%, 0, 0, 3, 30.61
1507234502, 0, 421, 819, 763, 17, 4.64%, 0, 0, 3, 63.07
1507234508, 0, 421, 820, 764, 17, 4.64%, 0, 0, 3, 13.04
1507234513, 0, 421, 821, 765, 17, 4.64%, 0, 0, 3, 87.61
1507234518, 0, 421, 827, 771, 17, 4.64%, 0, 0, 3, 86.71
1507234523, 0, 421, 830, 774, 17, 4.64%, 0, 0, 3, 106.44
1507234529, 0, 421, 831, 775, 17, 4.64%, 0, 0, 3, 82.00
1507234534, 0, 421, 837, 781, 17, 4.64%, 0, 0, 3, 81.99
1507234539, 0, 421, 839, 783, 17, 4.64%, 0, 0, 3, 108.36
1507234559, 0, 435, 839, 783, 32, 4.64%, 0, 0, 3, 134.87
1507235372, 0, 448, 839, 782, 32, 4.64%, 0, 0, 3, 150.62
1507235407, 0, 478, 839, 781, 31, 4.64%, 0, 0, 3, 139.56
1507235590, 0, 479, 839, 780, 31, 4.64%, 0, 0, 3, 151.55
1507235793, 0, 490, 839, 779, 30, 4.64%, 0, 0, 3, 164.27
1507235956, 0, 490, 852, 791, 29, 4.64%, 0, 0, 3, 8.49
1507235966, 0, 497, 852, 791, 29, 4.64%, 0, 0, 3, 124.10
1507236144, 0, 511, 852, 790, 28, 4.64%, 0, 0, 3, 114.22
1507243020, 0, 532, 852, 789, 28, 4.64%, 0, 0, 3, 120.51
1507253539, 0, 540, 853, 789, 27, 4.64%, 0, 0, 3, 146.14
1507254215, 0, 546, 853, 788, 27, 4.64%, 0, 0, 3, 126.09
1507254241, 0, 546, 886, 820, 26, 4.64%, 0, 0, 3, 152.87
1507254246, 0, 546, 948, 882, 26, 4.65%, 0, 0, 3, 130.29
1507254251, 0, 546, 969, 903, 26, 4.65%, 0, 0, 3, 82.84
1507254282, 0, 546, 970, 904, 26, 4.65%, 0, 0, 3, 77.59
1507254287, 0, 546, 971, 905, 26, 4.65%, 0, 0, 3, 74.90
1507254292, 0, 546, 973, 907, 26, 4.65%, 0, 0, 3, 64.50
1507254297, 0, 546, 974, 908, 26, 4.65%, 0, 0, 3, 54.05
1507254313, 0, 550, 974, 908, 28, 4.65%, 0, 0, 3, 97.63
1507254348, 0, 564, 974, 907, 27, 4.65%, 0, 0, 3, 146.17
1507254541, 0, 565, 974, 906, 26, 4.65%, 0, 0, 3, 159.13
1507254770, 0, 570, 974, 905, 25, 4.65%, 0, 0, 3, 69.97
1507255037, 0, 571, 974, 904, 24, 4.65%, 0, 0, 3, 147.25
1507255250, 0, 571, 980, 909, 23, 4.66%, 0, 0, 3, 22.16
1507255260, 0, 589, 980, 909, 25, 4.66%, 0, 0, 3, 157.11
1507255916, 0, 596, 980, 908, 25, 4.66%, 0, 0, 3, 164.28
1507256201, 0, 602, 980, 907, 24, 4.66%, 0, 0, 3, 135.13
1507256725, 0, 634, 980, 906, 24, 4.66%, 0, 0, 3, 137.46
1507256938, 0, 665, 980, 905, 23, 4.66%, 0, 0, 3, 120.26
1507256994, 0, 665, 980, 904, 22, 4.66%, 0, 0, 3, 38.57
1507257000, 0, 666, 983, 907, 22, 4.66%, 0, 0, 3, 140.66
1507257311, 0, 667, 983, 906, 21, 4.66%, 0, 0, 3, 170.19
1507257352, 0, 673, 983, 905, 20, 4.66%, 0, 0, 3, 135.72
1507267669, 0, 697, 983, 904, 19, 4.66%, 0, 0, 3, 75.49
1507267869, 0, 699, 983, 903, 18, 4.66%, 0, 0, 3, 138.12
1507268353, 0, 699, 991, 910, 18, 4.66%, 0, 0, 3, 64.88
1507268369, 0, 702, 991, 910, 18, 4.66%, 0, 0, 3, 134.48
1507268521, 0, 719, 991, 909, 17, 4.66%, 0, 0, 3, 101.68
1507268845, 0, 724, 991, 908, 16, 4.66%, 0, 0, 3, 104.89
1507287326, 0, 730, 991, 907, 15, 4.66%, 0, 0, 3, 111.05
1507288523, 0, 733, 991, 906, 14, 4.66%, 0, 0, 3, 130.38
1507290553, 0, 733, 1022, 936, 13, 4.69%, 0, 0, 3, 21.43
1507290568, 0, 733, 1023, 937, 13, 4.69%, 0, 0, 3, 87.82
1507290584, 0, 733, 1025, 939, 13, 4.69%, 0, 0, 3, 68.05
1507290589, 0, 738, 1025, 939, 17, 4.69%, 0, 0, 3, 142.72
1507290645, 0, 745, 1025, 938, 16, 4.69%, 0, 0, 3, 172.82
1507290681, 0, 761, 1025, 937, 15, 4.69%, 0, 0, 3, 130.76
1507291133, 0, 777, 1025, 936, 14, 4.69%, 0, 0, 3, 135.52
1507291240, 0, 780, 1025, 935, 13, 4.69%, 0, 0, 3, 145.70
1507291424, 0, 800, 1026, 935, 12, 4.69%, 0, 0, 3, 131.15
1507291490, 0, 824, 1026, 934, 11, 4.69%, 0, 0, 3, 101.48
1507292222, 0, 863, 1026, 933, 10, 4.69%, 0, 0, 3, 167.52
1507292299, 0, 946, 1026, 932, 9, 4.69%, 0, 0, 3, 149.90
1507297488, 0, 975, 1026, 931, 8, 4.69%, 0, 0, 3, 146.88
1507297514, 0, 975, 1032, 936, 7, 4.69%, 0, 0, 3, 62.29
1507297519, 0, 976, 1032, 936, 7, 4.69%, 0, 0, 3, 106.29
1507297534, 0, 986, 1032, 935, 6, 4.69%, 0, 0, 3, 71.17
1507307608, 0, 1002, 1032, 934, 5, 4.69%, 0, 0, 3, 116.79
1507307639, 0, 1004, 1032, 933, 4, 4.69%, 0, 0, 3, 143.62
1507307700, 0, 1009, 1032, 932, 3, 4.69%, 0, 0, 3, 127.21
1507307730, 0, 1009, 1046, 945, 2, 4.69%, 0, 0, 3, 61.29
1507307746, 0, 1011, 1046, 945, 2, 4.69%, 0, 0, 3, 116.34
1507312735, 0, 1019, 1046, 944, 1, 4.69%, 0, 0, 3, 53.12
1507323571, 1, 35, 1046, 943, 1, 4.69%, 0, 0, 3, 120.88
1507324014, 1, 38, 1046, 942, 0, 4.69%, 0, 0, 3, 154.88
1507324252, 1, 44, 1046, 941, 0, 4.69%, 0, 0, 3, 66.13
1507324445, 1, 44, 1047, 941, 0, 4.69%, 0, 0, 3, 129.20
1507324451, 1, 44, 1061, 955, 0, 4.69%, 0, 0, 3, 78.42
1507324456, 1, 44, 1062, 956, 0, 4.69%, 0, 0, 3, 10.07
1507324466, 1, 199, 1062, 956, 1, 4.69%, 0, 0, 3, 129.64
1507324559, 1, 235, 1062, 955, 1, 4.69%, 0, 0, 3, 163.42
1507324589, 1, 256, 1062, 954, 1, 4.69%, 0, 0, 3, 165.08
1507324797, 1, 617, 1062, 953, 1, 4.69%, 0, 0, 3, 21.69
1507325333, 1, 658, 1062, 952, 1, 4.69%, 0, 0, 3, 37.84
1507325465, 1, 713, 1062, 951, 1, 4.69%, 0, 0, 3, 138.28
1507325923, 1, 807, 1062, 950, 1, 4.69%, 0, 0, 3, 146.98
1507326234, 1, 924, 1062, 949, 1, 4.69%, 0, 0, 3, 147.64
1507327213, 1, 945, 1062, 948, 1, 4.69%, 0, 0, 3, 144.07
1507332398, 1, 1026, 1062, 947, 1, 4.69%, 0, 0, 3, 126.18
