# unix_time, cycles_done, cur_path, paths_total, pending_total, pending_favs, map_size, unique_crashes, unique_hangs, max_depth, execs_per_sec
1507217320, 0, 0, 2, 2, 1, 2.12%, 0, 0, 1, 115.94
1507217325, 0, 1, 2, 2, 1, 2.12%, 0, 0, 1, 154.48
1507217335, 0, 1, 3, 3, 1, 2.13%, 0, 0, 2, 115.60
1507217351, 0, 1, 4, 4, 1, 2.14%, 0, 0, 2, 16.01
1507217387, 0, 1, 14, 13, 0, 2.27%, 0, 0, 2, 84.46
1507217392, 0, 1, 78, 77, 0, 2.57%, 0, 0, 2, 112.49
1507217397, 0, 1, 144, 143, 0, 2.83%, 0, 0, 2, 115.35
1507217402, 0, 1, 191, 190, 0, 2.85%, 0, 0, 2, 116.16
1507217408, 0, 1, 242, 241, 0, 2.91%, 0, 0, 2, 108.42
1507217413, 0, 1, 289, 288, 0, 2.92%, 0, 0, 2, 1.49
1507217418, 0, 1, 327, 326, 0, 2.92%, 0, 0, 2, 107.90
1507217423, 0, 1, 366, 365, 0, 2.93%, 0, 0, 2, 20.43
1507217434, 0, 1, 368, 367, 0, 2.93%, 0, 0, 2, 68.22
1507217490, 0, 1, 369, 368, 0, 2.93%, 0, 0, 2, 63.28
1507217511, 0, 1, 370, 369, 0, 2.93%, 0, 0, 2, 18.46
1507217521, 0, 1, 371, 370, 0, 2.93%, 0, 0, 2, 87.11
1507217552, 0, 1, 372, 371, 0, 2.93%, 0, 0, 2, 67.10
1507217557, 0, 1, 373, 372, 0, 2.93%, 0, 0, 2, 103.25
1507217582, 0, 1, 374, 373, 0, 2.93%, 0, 0, 2, 66.61
1507217587, 0, 1, 375, 374, 0, 2.93%, 0, 0, 2, 60.11
1507217649, 0, 1, 376, 375, 0, 2.93%, 0, 0, 2, 60.33
1507217659, 0, 1, 377, 376, 0, 2.93%, 0, 0, 2, 90.58
1507217685, 0, 1, 378, 377, 0, 2.93%, 0, 0, 2, 77.02
1507217691, 0, 3, 378, 377, 53, 2.93%, 0, 0, 2, 22.35
1507217717, 0, 4, 378, 376, 52, 2.93%, 0, 0, 2, 128.82
1507217748, 0, 5, 378, 375, 51, 2.93%, 0, 0, 2, 120.30
1507217773, 0, 6, 378, 374, 50, 2.93%, 0, 0, 2, 116.46
1507217799, 0, 7, 378, 373, 49, 2.93%, 0, 0, 2, 91.25
1507217830, 0, 7, 392, 386, 48, 2.93%, 0, 0, 2, 61.86
1507217840, 0, 9, 392, 386, 48, 2.93%, 0, 0, 2, 120.74
1507217866, 0, 10, 392, 385, 47, 2.93%, 0, 0, 2, 93.66
1507217897, 0, 13, 392, 384, 46, 2.93%, 0, 0, 2, 124.83
1507217937, 0, 14, 392, 383, 45, 2.93%, 0, 0, 2, 146.47
1507217963, 0, 15, 392, 382, 44, 2.93%, 0, 0, 2, 95.43
1507217999, 0, 24, 395, 384, 44, 2.94%, 0, 0, 2, 130.01
1507218030, 0, 28, 395, 383, 43, 2.94%, 0, 0, 2, 131.32
1507218066, 0, 31, 395, 382, 42, 2.94%, 0, 0, 2, 115.60
1507218096, 0, 36, 395, 381, 41, 2.94%, 0, 0, 2, 128.46
1507218132, 0, 37, 395, 380, 40, 2.94%, 0, 0, 2, 154.74
1507218158, 0, 37, 397, 381, 39, 2.94%, 0, 0, 2, 88.66
1507218163, 0, 39, 400, 384, 39, 2.94%, 0, 0, 2, 182.98
1507218200, 0, 45, 400, 383, 38, 2.94%, 0, 0, 2, 129.18
1507218236, 0, 49, 400, 382, 37, 2.94%, 0, 0, 2, 111.18
1507218277, 0, 55, 400, 381, 36, 2.94%, 0, 0, 2, 129.72
1507218395, 0, 56, 400, 380, 35, 2.94%, 0, 0, 2, 174.27
1507218441, 0, 63, 404, 383, 34, 2.94%, 0, 0, 2, 144.33
1507218472, 0, 72, 404, 382, 33, 2.94%, 0, 0, 2, 71.44
1507218558, 0, 80, 404, 381, 32, 2.94%, 0, 0, 2, 119.59
1507218595, 0, 81, 404, 380, 31, 2.94%, 0, 0, 2, 52.50
1507218651, 0, 92, 404, 379, 30, 2.94%, 0, 0, 2, 115.50
1507218692, 0, 94, 405, 379, 30, 2.94%, 0, 0, 2, 131.35
1507218754, 0, 95, 405, 378, 29, 2.94%, 0, 0, 2, 130.97
1507218820, 0, 105, 405, 377, 28, 2.94%, 0, 0, 2, 127.37
1507218866, 0, 134, 405, 376, 27, 2.94%, 0, 0, 2, 126.87
1507218963, 0, 144, 405, 375, 26, 2.94%, 0, 0, 2, 158.60
1507219009, 0, 145, 409, 378, 26, 2.94%, 0, 0, 2, 83.23
1507219055, 0, 154, 409, 377, 25, 2.94%, 0, 0, 2, 124.72
1507219096, 0, 155, 409, 376, 24, 2.94%, 0, 0, 2, 116.46
1507219142, 0, 171, 409, 375, 23, 2.94%, 0, 0, 2, 135.98
1507219178, 0, 180, 409, 374, 22, 2.94%, 0, 0, 2, 79.58
1507219369, 0, 180, 419, 383, 21, 2.94%, 0, 0, 2, 67.57
1507219375, 0, 185, 419, 383, 22, 2.94%, 0, 0, 2, 131.69
1507219431, 0, 186, 419, 382, 21, 2.94%, 0, 0, 2, 144.09
1507219498, 0, 187, 419, 381, 20, 2.94%, 0, 0, 2, 134.47
1507219575, 0, 191, 419, 380, 19, 2.94%, 0, 0, 2, 128.88
1507219616, 0, 192, 419, 379, 18, 2.94%, 0, 0, 2, 117.45
1507219657, 0, 207, 423, 382, 17, 2.94%, 0, 0, 2, 125.47
1507219719, 0, 208, 423, 381, 16, 2.94%, 0, 0, 2, 87.73
1507219862, 0, 227, 423, 380, 15, 2.94%, 0, 0, 2, 108.14
1507225539, 0, 232, 423, 379, 14, 2.94%, 0, 0, 2, 104.81
1507230127, 0, 241, 423, 378, 13, 2.94%, 0, 0, 2, 127.12
1507235711, 0, 241, 455, 409, 13, 3.01%, 0, 0, 2, 54.49
1507235716, 0, 241, 505, 459, 13, 3.03%, 0, 0, 2, 90.41
1507235722, 0, 241, 543, 497, 13, 3.04%, 0, 0, 2, 13.76
1507235727, 0, 241, 556, 510, 13, 3.04%, 0, 0, 2, 150.95
1507235732, 0, 241, 579, 533, 13, 3.04%, 0, 0, 2, 85.17
1507235788, 0, 241, 580, 534, 13, 3.04%, 0, 0, 2, 111.87
1507235819, 0, 241, 582, 536, 13, 3.04%, 0, 0, 2, 61.98
1507235824, 0, 241, 583, 537, 13, 3.04%, 0, 0, 2, 64.08
1507235834, 0, 241, 593, 547, 13, 3.04%, 0, 0, 2, 5.22
1507235839, 0, 241, 594, 548, 13, 3.04%, 0, 0, 2, 69.21
1507235850, 0, 257, 594, 548, 23, 3.04%, 0, 0, 2, 121.01
1507241263, 0, 265, 594, 547, 22, 3.04%, 0, 0, 2, 93.29
1507241320, 0, 294, 594, 546, 21, 3.04%, 0, 0, 2, 69.42
1507241381, 0, 335, 594, 545, 20, 3.04%, 0, 0, 2, 94.81
1507252462, 0, 349, 594, 544, 19, 3.04%, 0, 0, 2, 115.61
1507252514, 0, 349, 618, 567, 18, 3.04%, 0, 0, 2, 61.96
1507252519, 0, 349, 664, 613, 18, 3.05%, 0, 0, 2, 102.87
1507252524, 0, 349, 690, 639, 18, 3.05%, 0, 0, 2, 83.69
1507252529, 0, 349, 691, 640, 18, 3.05%, 0, 0, 2, 65.89
1507252534, 0, 349, 692, 641, 18, 3.05%, 0, 0, 2, 63.97
1507252545, 0, 349, 693, 642, 18, 3.05%, 0, 0, 2, 62.36
1507252555, 0, 349, 697, 646, 18, 3.05%, 0, 0, 2, 63.03
1507252565, 0, 349, 698, 647, 18, 3.05%, 0, 0, 2, 74.29
1507252570, 0, 349, 699, 648, 18, 3.05%, 0, 0, 2, 86.26
1507252575, 0, 349, 706, 655, 18, 3.05%, 0, 0, 2, 100.76
1507252580, 0, 349, 717, 666, 18, 3.05%, 0, 0, 2, 79.71
1507252585, 0, 383, 717, 666, 21, 3.05%, 0, 0, 2, 101.19
1507252646, 0, 411, 717, 665, 21, 3.05%, 0, 0, 2, 75.73
1507252794, 0, 425, 717, 664, 20, 3.05%, 0, 0, 2, 108.45
1507252866, 0, 427, 717, 663, 19, 3.05%, 0, 0, 2, 105.61
1507252927, 0, 431, 717, 662, 18, 3.05%, 0, 0, 2, 117.60
1507263679, 0, 431, 718, 663, 18, 3.05%, 0, 0, 2, 114.03
1507263694, 0, 431, 726, 670, 17, 3.07%, 0, 0, 2, 10.50
1507263699, 0, 431, 728, 672, 17, 3.07%, 0, 0, 2, 68.57
1507263720, 0, 431, 735, 679, 17, 3.09%, 0, 0, 2, 58.41
1507263725, 0, 433, 735, 679, 22, 3.09%, 0, 0, 2, 130.90
1507274369, 0, 435, 735, 678, 21, 3.09%, 0, 0, 2, 105.32
1507274471, 0, 457, 735, 677, 21, 3.09%, 0, 0, 2, 93.18
1507274680, 0, 468, 735, 676, 20, 3.09%, 0, 0, 2, 136.64
1507275078, 0, 469, 735, 675, 20, 3.09%, 0, 0, 2, 79.55
1507275246, 0, 469, 742, 681, 19, 3.09%, 0, 0, 2, 13.07
1507275261, 0, 478, 748, 687, 19, 3.09%, 0, 0, 2, 121.88
1507275589, 0, 481, 748, 686, 18, 3.09%, 0, 0, 2, 55.93
1507275809, 0, 494, 748, 685, 17, 3.09%, 0, 0, 2, 84.19
1507275885, 0, 501, 748, 684, 16, 3.09%, 0, 0, 2, 126.61
1507275937, 0, 528, 748, 683, 15, 3.09%, 0, 0, 2, 152.83
1507276065, 0, 528, 750, 684, 14, 3.09%, 0, 0, 2, 63.71
1507276070, 0, 531, 750, 684, 14, 3.09%, 0, 0, 2, 139.95
1507276264, 0, 534, 750, 683, 13, 3.09%, 0, 0, 2, 125.64
1507276464, 0, 567, 750, 682, 12, 3.09%, 0, 0, 2, 138.67
1507276787, 0, 605, 750, 681, 11, 3.09%, 0, 0, 2, 104.07
1507276879, 0, 641, 750, 680, 10, 3.09%, 0, 0, 2, 79.80
1507287356, 0, 641, 769, 698, 9, 3.12%, 0, 0, 2, 8.76
1507287371, 0, 675, 770, 699, 14, 3.12%, 0, 0, 2, 128.67
1507292785, 0, 700, 770, 698, 13, 3.12%, 0, 0, 2, 66.34
1507298125, 0, 721, 770, 697, 13, 3.12%, 0, 0, 2, 76.41
1507298161, 0, 722, 770, 696, 12, 3.12%, 0, 0, 2, 114.38
1507298192, 0, 729, 770, 695, 11, 3.12%, 0, 0, 2, 96.67
1507298473, 0, 729, 779, 703, 10, 3.12%, 0, 0, 2, 80.86
1507298478, 0, 729, 789, 713, 10, 3.12%, 0, 0, 2, 61.14
1507298493, 0, 730, 792, 716, 10, 3.12%, 0, 0, 2, 74.50
1507318032, 0, 731, 792, 715, 9, 3.12%, 0, 0, 2, 107.04
1507320222, 0, 759, 792, 714, 8, 3.12%, 0, 0, 2, 145.03
1507320273, 0, 760, 792, 713, 7, 3.12%, 0, 0, 2, 181.15
1507320313, 0, 761, 792, 712, 6, 3.12%, 0, 0, 2, 53.55
1507320396, 0, 761, 815, 734, 5, 3.12%, 0, 0, 2, 64.97
1507320422, 0, 766, 815, 734, 5, 3.12%, 0, 0, 2, 91.05
1507320468, 0, 767, 815, 733, 4, 3.12%, 0, 0, 2, 134.52
1507325743, 1, 8, 815, 732, 3, 3.12%, 0, 0, 2, 113.26
1507325773, 1, 22, 815, 731, 2, 3.12%, 0, 0, 2, 129.85
1507325809, 1, 24, 815, 730, 1, 3.12%, 0, 0, 2, 57.49
1507325814, 1, 24, 820, 735, 1, 3.12%, 0, 0, 2, 96.99
1507325819, 1, 27, 820, 735, 2, 3.12%, 0, 0, 2, 145.82
1507325865, 1, 46, 820, 734, 2, 3.12%, 0, 0, 2, 55.23
1507325896, 1, 48, 820, 733, 2, 3.12%, 0, 0, 2, 55.11
1507325999, 1, 154, 820, 732, 2, 3.12%, 0, 0, 2, 101.79
1507326004, 1, 172, 820, 732, 2, 3.12%, 0, 0, 2, 135.90
1507326071, 1, 183, 820, 731, 2, 3.12%, 0, 0, 2, 107.38
1507326162, 1, 346, 820, 730, 2, 3.12%, 0, 0, 2, 62.69
1507326203, 1, 371, 820, 729, 1, 3.12%, 0, 0, 2, 60.87
1507328746, 1, 449, 820, 728, 1, 3.12%, 0, 0, 2, 134.12
1507328802, 1, 565, 820, 727, 1, 3.12%, 0, 0, 2, 95.23
1507329388, 1, 565, 829, 735, 1, 3.13%, 0, 0, 2, 63.56
1507329394, 1, 589, 829, 735, 4, 3.13%, 0, 0, 2, 118.41
1507330775, 1, 682, 829, 734, 4, 3.13%, 0, 0, 2, 99.84
1507332583, 1, 816, 829, 733, 4, 3.13%, 0, 0, 2, 102.15
1507339161, 1, 821, 829, 732, 3, 3.13%, 0, 0, 2, 89.57
1507339258, 1, 826, 829, 731, 2, 3.13%, 0, 0, 2, 130.87
1507339446, 1, 827, 834, 735, 2, 3.13%, 0, 0, 2, 70.71
1507339584, 1, 832, 834, 734, 1, 3.13%, 0, 0, 2, 122.11
1507339682, 1, 833, 834, 733, 0, 3.13%, 0, 0, 2, 132.09
1507343675, 2, 0, 834, 732, 0, 3.13%, 0, 0, 2, 114.73
1507343705, 2, 2, 834, 731, 0, 3.13%, 0, 0, 2, 120.75
1507343726, 2, 2, 835, 731, 0, 3.13%, 0, 0, 2, 68.58
1507343731, 2, 3, 835, 731, 0, 3.13%, 0, 0, 2, 70.41
1507343736, 2, 5, 835, 731, 0, 3.13%, 0, 0, 2, 76.21
1507343741, 2, 6, 835, 731, 0, 3.13%, 0, 0, 2, 71.62
1507343747, 2, 7, 835, 731, 0, 3.13%, 0, 0, 2, 55.24
1507343752, 2, 8, 835, 731, 0, 3.13%, 0, 0, 2, 80.75
1507343757, 2, 10, 835, 731, 0, 3.13%, 0, 0, 2, 42.26
1507343767, 2, 14, 835, 731, 0, 3.13%, 0, 0, 2, 97.33
1507343772, 2, 18, 835, 731, 0, 3.13%, 0, 0, 2, 110.02
1507343818, 2, 24, 835, 730, 0, 3.13%, 0, 0, 2, 68.98
1507343828, 2, 25, 835, 730, 0, 3.13%, 0, 0, 2, 165.54
1507343864, 2, 28, 835, 729, 0, 3.13%, 0, 0, 2, 77.54
1507343870, 2, 35, 836, 730, 0, 3.13%, 0, 0, 2, 133.39
1507343900, 2, 36, 836, 729, 0, 3.13%, 0, 0, 2, 63.40
1507343906, 2, 37, 836, 729, 0, 3.13%, 0, 0, 2, 55.82
1507343911, 2, 39, 836, 729, 0, 3.13%, 0, 0, 2, 54.97
1507343916, 2, 43, 836, 729, 0, 3.13%, 0, 0, 2, 127.67
1507344003, 2, 44, 836, 728, 0, 3.13%, 0, 0, 2, 96.12
1507344089, 2, 45, 836, 727, 0, 3.13%, 0, 0, 2, 59.62
1507344094, 2, 47, 836, 727, 0, 3.13%, 0, 0, 2, 124.29
1507344162, 2, 49, 836, 726, 0, 3.13%, 0, 0, 2, 10.28
1507344167, 2, 50, 836, 726, 0, 3.13%, 0, 0, 2, 123.86
1507344268, 2, 53, 836, 725, 0, 3.13%, 0, 0, 2, 118.20
1507344346, 2, 55, 836, 724, 0, 3.13%, 0, 0, 2, 81.92
1507344356, 2, 68, 836, 724, 0, 3.13%, 0, 0, 2, 64.34
1507344432, 2, 69, 836, 723, 0, 3.13%, 0, 0, 2, 133.04
1507344509, 2, 71, 836, 722, 0, 3.13%, 0, 0, 2, 133.30
1507344580, 2, 72, 836, 721, 0, 3.13%, 0, 0, 2, 63.53
1507344585, 2, 80, 836, 721, 0, 3.13%, 0, 0, 2, 58.77
1507344591, 2, 81, 836, 721, 0, 3.13%, 0, 0, 2, 61.47
1507344596, 2, 82, 836, 721, 0, 3.13%, 0, 0, 2, 156.22
1507344662, 2, 90, 836, 720, 0, 3.13%, 0, 0, 2, 115.56
1507344745, 2, 92, 836, 719, 0, 3.13%, 0, 0, 2, 67.86
1507344750, 2, 93, 836, 719, 0, 3.13%, 0, 0, 2, 137.84
1507344821, 2, 94, 836, 718, 0, 3.13%, 0, 0, 2, 75.64
1507344826, 2, 95, 836, 718, 0, 3.13%, 0, 0, 2, 34.98
1507344831, 2, 99, 842, 724, 0, 3.13%, 0, 0, 2, 130.83
1507344908, 2, 104, 842, 723, 0, 3.13%, 0, 0, 2, 144.96
1507345020, 2, 108, 842, 722, 0, 3.13%, 0, 0, 2, 92.61
1507345061, 2, 113, 842, 721, 0, 3.13%, 0, 0, 2, 161.82
1507345189, 2, 113, 847, 725, 0, 3.13%, 0, 0, 2, 109.89
1507345194, 2, 120, 847, 725, 0, 3.13%, 0, 0, 2, 154.86
1507345245, 2, 124, 847, 724, 0, 3.13%, 0, 0, 2, 141.15
1507345328, 2, 127, 847, 723, 0, 3.13%, 0, 0, 2, 3.35
1507345419, 2, 130, 847, 722, 0, 3.13%, 0, 0, 2, 145.21
1507345516, 2, 135, 847, 721, 0, 3.13%, 0, 0, 2, 102.60
1507345659, 2, 137, 847, 720, 0, 3.13%, 0, 0, 2, 135.60
1507345710, 2, 138, 847, 719, 0, 3.13%, 0, 0, 2, 139.35
1507345776, 2, 145, 847, 718, 0, 3.13%, 0, 0, 2, 66.01
1507345782, 2, 149, 847, 718, 0, 3.13%, 0, 0, 2, 128.67
1507345837, 2, 152, 847, 717, 0, 3.13%, 0, 0, 2, 100.63
1507346016, 2, 154, 847, 716, 0, 3.13%, 0, 0, 2, 95.45
1507346022, 2, 156, 847, 716, 0, 3.13%, 0, 0, 2, 127.42
1507346200, 2, 158, 847, 715, 0, 3.13%, 0, 0, 2, 137.67
1507346251, 2, 171, 847, 714, 0, 3.13%, 0, 0, 2, 49.76
1507346256, 2, 173, 847, 714, 0, 3.13%, 0, 0, 2, 71.39
1507346302, 2, 174, 847, 713, 0, 3.13%, 0, 0, 2, 118.96
1507346410, 2, 178, 847, 712, 0, 3.13%, 0, 0, 2, 120.78
1507346506, 2, 185, 847, 711, 0, 3.13%, 0, 0, 2, 58.95
1507346512, 2, 186, 847, 711, 0, 3.13%, 0, 0, 2, 76.57
1507346517, 2, 189, 847, 711, 0, 3.13%, 0, 0, 2, 111.97
1507346741, 2, 192, 847, 710, 0, 3.13%, 0, 0, 2, 85.88
1507346746, 2, 194, 847, 710, 0, 3.13%, 0, 0, 2, 129.77
1507346802, 2, 197, 847, 709, 0, 3.13%, 0, 0, 2, 81.07
1507346950, 2, 198, 847, 708, 0, 3.13%, 0, 0, 2, 141.43
1507347088, 2, 199, 847, 707, 0, 3.13%, 0, 0, 2, 106.08
1507347227, 2, 210, 847, 706, 0, 3.13%, 0, 0, 2, 98.11
1507347334, 2, 224, 847, 705, 0, 3.13%, 0, 0, 2, 107.83
1507351225, 2, 227, 847, 704, 0, 3.13%, 0, 0, 2, 62.24
1507351230, 2, 230, 847, 704, 0, 3.13%, 0, 0, 2, 93.50
1507361769, 2, 230, 855, 711, 0, 3.13%, 0, 0, 2, 93.08
1507361774, 2, 230, 859, 715, 0, 3.13%, 0, 0, 2, 61.22
1507361779, 2, 230, 860, 716, 0, 3.13%, 0, 0, 2, 64.73
1507361784, 2, 232, 860, 716, 0, 3.13%, 0, 0, 2, 64.57
1507361789, 2, 237, 860, 716, 0, 3.13%, 0, 0, 2, 114.72
1507367286, 2, 239, 860, 715, 0, 3.13%, 0, 0, 2, 122.72
1507367633, 2, 244, 860, 714, 0, 3.13%, 0, 0, 2, 65.91
1507368005, 2, 246, 860, 713, 0, 3.13%, 0, 0, 2, 132.05
1507369326, 2, 246, 863, 715, 0, 3.13%, 0, 0, 2, 65.72
1507369336, 2, 247, 865, 717, 0, 3.13%, 0, 0, 2, 149.64
1507376736, 2, 249, 865, 716, 0, 3.13%, 0, 0, 2, 141.66
1507376797, 2, 254, 865, 715, 0, 3.13%, 0, 0, 2, 136.57
1507376975, 2, 257, 865, 714, 0, 3.13%, 0, 0, 2, 64.03
1507376980, 2, 262, 865, 714, 0, 3.13%, 0, 0, 2, 123.42
1507378220, 2, 262, 869, 717, 0, 3.13%, 0, 0, 2, 64.17
1507378230, 2, 263, 869, 717, 0, 3.13%, 0, 0, 2, 124.69
1507379275, 2, 265, 869, 716, 0, 3.13%, 0, 0, 2, 60.57
1507379280, 2, 268, 869, 716, 0, 3.13%, 0, 0, 2, 121.40
1507379346, 2, 272, 869, 715, 0, 3.13%, 0, 0, 2, 108.05
1507401213, 2, 275, 869, 714, 0, 3.13%, 0, 0, 2, 138.43
1507401499, 2, 275, 872, 716, 0, 3.13%, 0, 0, 2, 66.96
1507401509, 2, 277, 873, 717, 0, 3.13%, 0, 0, 2, 107.18
1507401616, 2, 280, 873, 716, 0, 3.13%, 0, 0, 2, 77.24
1507407906, 2, 288, 873, 715, 0, 3.13%, 0, 0, 2, 112.49
1507413368, 2, 289, 873, 714, 0, 3.13%, 0, 0, 2, 66.17
