# unix_time, cycles_done, cur_path, paths_total, pending_total, pending_favs, map_size, unique_crashes, unique_hangs, max_depth, execs_per_sec
1507214648, 0, 0, 1, 1, 1, 3.52%, 0, 0, 1, 6.96
1507214653, 0, 0, 17, 17, 1, 3.55%, 0, 0, 2, 234.04
1507214658, 0, 0, 24, 24, 1, 3.57%, 0, 0, 2, 233.12
1507214668, 0, 0, 26, 26, 1, 3.58%, 0, 0, 2, 221.15
1507214674, 0, 0, 27, 27, 1, 3.58%, 0, 0, 2, 219.53
1507214679, 0, 0, 28, 28, 1, 3.58%, 0, 0, 2, 233.18
1507214689, 0, 0, 31, 31, 1, 3.58%, 0, 0, 2, 223.49
1507214725, 0, 0, 46, 46, 1, 3.58%, 0, 0, 2, 154.75
1507214730, 0, 0, 51, 51, 1, 3.58%, 0, 0, 2, 152.75
1507214735, 0, 0, 52, 52, 1, 3.58%, 0, 0, 2, 151.95
1507214746, 0, 0, 53, 53, 1, 3.58%, 0, 0, 2, 159.06
1507214751, 0, 0, 55, 54, 0, 3.58%, 0, 0, 2, 31.73
1507214756, 0, 0, 150, 149, 0, 4.23%, 0, 0, 2, 205.00
1507214761, 0, 0, 201, 200, 0, 4.29%, 0, 0, 2, 163.09
1507214766, 0, 0, 215, 214, 0, 4.29%, 0, 0, 2, 200.95
1507214782, 0, 0, 226, 225, 0, 4.37%, 0, 0, 2, 202.50
1507214787, 0, 5, 246, 245, 58, 4.39%, 0, 0, 2, 208.29
1507214859, 0, 7, 246, 244, 57, 4.39%, 0, 0, 2, 221.90
1507214885, 0, 20, 246, 243, 56, 4.39%, 0, 0, 2, 217.64
1507214947, 0, 28, 246, 242, 55, 4.39%, 0, 0, 2, 215.27
1507215018, 0, 40, 288, 282, 53, 4.40%, 0, 0, 2, 133.24
1507215024, 0, 40, 347, 341, 53, 4.41%, 0, 0, 2, 191.78
1507215029, 0, 40, 378, 372, 53, 4.42%, 0, 0, 2, 156.69
1507215039, 0, 40, 411, 405, 53, 4.43%, 0, 0, 2, 192.46
1507215044, 0, 57, 411, 405, 61, 4.43%, 0, 0, 2, 212.04
1507215054, 0, 59, 411, 404, 60, 4.43%, 0, 0, 2, 244.43
1507215059, 0, 60, 411, 403, 59, 4.43%, 0, 0, 2, 219.82
1507215070, 0, 61, 411, 402, 58, 4.43%, 0, 0, 2, 228.74
1507215080, 0, 63, 411, 401, 57, 4.43%, 0, 0, 2, 223.34
1507215090, 0, 64, 417, 406, 57, 4.44%, 0, 0, 2, 143.88
1507215101, 0, 67, 417, 405, 56, 4.44%, 0, 0, 2, 215.71
1507215121, 0, 68, 417, 404, 55, 4.44%, 0, 0, 2, 220.30
1507215131, 0, 69, 417, 403, 54, 4.44%, 0, 0, 2, 225.62
1507215141, 0, 78, 417, 402, 53, 4.44%, 0, 0, 2, 182.79
1507215152, 0, 78, 418, 403, 53, 4.44%, 0, 0, 2, 218.95
1507215157, 0, 78, 455, 439, 52, 4.49%, 0, 0, 2, 154.94
1507215162, 0, 79, 455, 439, 53, 4.49%, 0, 0, 2, 206.09
1507215172, 0, 80, 455, 438, 52, 4.49%, 0, 0, 2, 208.35
1507215193, 0, 81, 455, 437, 51, 4.49%, 0, 0, 2, 206.46
1507215213, 0, 88, 455, 436, 50, 4.49%, 0, 0, 2, 219.31
1507215223, 0, 89, 455, 435, 49, 4.49%, 0, 0, 2, 216.92
1507215228, 0, 89, 456, 435, 48, 4.49%, 0, 0, 2, 197.40
1507215234, 0, 91, 471, 450, 47, 4.51%, 0, 0, 2, 215.33
1507215244, 0, 100, 471, 449, 46, 4.51%, 0, 0, 2, 222.64
1507215264, 0, 106, 471, 448, 45, 4.51%, 0, 0, 2, 218.47
1507215346, 0, 107, 471, 447, 44, 4.51%, 0, 0, 2, 215.71
1507215362, 0, 114, 471, 446, 43, 4.51%, 0, 0, 2, 234.86
1507215377, 0, 114, 483, 457, 42, 4.51%, 0, 0, 2, 147.14
1507215382, 0, 120, 507, 481, 44, 4.52%, 0, 0, 2, 174.30
1507215423, 0, 123, 507, 480, 43, 4.52%, 0, 0, 2, 230.91
1507215470, 0, 132, 507, 479, 42, 4.52%, 0, 0, 2, 215.11
1507215490, 0, 133, 507, 478, 41, 4.52%, 0, 0, 2, 219.14
1507215521, 0, 143, 507, 477, 40, 4.52%, 0, 0, 2, 227.79
1507215536, 0, 143, 525, 494, 39, 4.53%, 0, 0, 2, 189.24
1507215541, 0, 146, 525, 494, 40, 4.53%, 0, 0, 2, 237.57
1507215572, 0, 156, 525, 493, 39, 4.53%, 0, 0, 2, 198.08
1507215593, 0, 169, 525, 492, 38, 4.53%, 0, 0, 2, 183.17
1507215645, 0, 194, 525, 491, 37, 4.53%, 0, 0, 2, 196.94
1507215691, 0, 194, 526, 492, 37, 4.53%, 0, 0, 2, 231.42
1507215701, 0, 203, 526, 491, 37, 4.53%, 0, 0, 2, 222.66
1507215722, 0, 203, 551, 515, 36, 4.53%, 0, 0, 2, 171.32
1507215727, 0, 203, 555, 519, 36, 4.53%, 0, 0, 2, 188.61
1507215732, 0, 203, 565, 529, 36, 4.53%, 0, 0, 2, 68.04
1507215742, 0, 208, 565, 529, 37, 4.53%, 0, 0, 2, 174.21
1507215757, 0, 215, 565, 528, 36, 4.53%, 0, 0, 2, 241.25
1507215829, 0, 216, 565, 527, 35, 4.53%, 0, 0, 2, 221.53
1507215885, 0, 227, 565, 526, 35, 4.53%, 0, 0, 2, 217.36
1507215890, 0, 229, 584, 543, 33, 4.53%, 0, 0, 2, 207.28
1507215896, 0, 229, 604, 563, 33, 4.53%, 0, 0, 2, 6.75
1507215901, 0, 249, 604, 562, 32, 4.53%, 0, 0, 2, 214.29
1507215922, 0, 250, 604, 561, 31, 4.53%, 0, 0, 2, 232.63
1507215943, 0, 294, 604, 560, 30, 4.53%, 0, 0, 2, 225.22
1507215958, 0, 305, 604, 559, 29, 4.53%, 0, 0, 2, 180.85
1507216004, 0, 305, 614, 568, 28, 4.53%, 0, 0, 2, 139.64
1507216009, 0, 325, 614, 568, 28, 4.53%, 0, 0, 2, 193.19
1507216066, 0, 327, 614, 567, 27, 4.53%, 0, 0, 2, 225.61
1507216184, 0, 328, 614, 566, 26, 4.53%, 0, 0, 2, 221.41
1507216204, 0, 329, 614, 565, 25, 4.53%, 0, 0, 2, 225.43
1507216225, 0, 333, 614, 564, 24, 4.53%, 0, 0, 2, 231.42
1507216266, 0, 333, 614, 563, 23, 4.53%, 0, 0, 2, 37.29
1507216271, 0, 333, 632, 581, 23, 4.53%, 0, 0, 2, 12.05
1507216277, 0, 333, 652, 601, 23, 4.53%, 0, 0, 2, 16.53
1507216287, 0, 335, 652, 601, 23, 4.53%, 0, 0, 2, 200.66
1507216313, 0, 337, 652, 600, 22, 4.53%, 0, 0, 2, 216.67
1507216354, 0, 339, 652, 599, 21, 4.53%, 0, 0, 2, 214.62
1507216431, 0, 352, 652, 598, 20, 4.53%, 0, 0, 2, 214.00
1507216452, 0, 353, 652, 597, 19, 4.53%, 0, 0, 2, 215.58
1507216472, 0, 365, 662, 606, 18, 4.53%, 0, 0, 2, 196.30
1507216498, 0, 373, 662, 605, 17, 4.53%, 0, 0, 2, 224.36
1507216539, 0, 374, 662, 604, 16, 4.53%, 0, 0, 2, 217.49
1507216626, 0, 386, 662, 603, 15, 4.53%, 0, 0, 2, 226.35
1507216631, 0, 397, 662, 602, 14, 4.53%, 0, 0, 2, 211.52
1507216642, 0, 397, 673, 612, 13, 4.53%, 0, 0, 2, 206.63
1507216647, 0, 401, 673, 612, 14, 4.53%, 0, 0, 2, 210.22
1507216755, 0, 406, 673, 611, 14, 4.53%, 0, 0, 2, 216.14
1507216817, 0, 413, 673, 610, 13, 4.53%, 0, 0, 2, 198.69
1507216822, 0, 431, 673, 609, 12, 4.53%, 0, 0, 2, 185.39
1507220724, 0, 439, 673, 608, 11, 4.53%, 0, 0, 2, 182.78
1507223901, 0, 439, 734, 668, 10, 4.55%, 0, 0, 2, 158.95
1507223906, 0, 439, 762, 696, 10, 4.60%, 0, 0, 2, 116.43
1507223917, 0, 439, 777, 711, 10, 4.60%, 0, 0, 2, 90.58
1507223973, 0, 508, 777, 711, 22, 4.60%, 0, 0, 2, 186.28
1507229366, 0, 525, 777, 710, 21, 4.60%, 0, 0, 2, 211.27
1507229392, 0, 529, 777, 709, 20, 4.60%, 0, 0, 2, 179.19
1507229478, 0, 534, 777, 708, 19, 4.60%, 0, 0, 2, 103.23
1507233251, 0, 565, 777, 707, 18, 4.60%, 0, 0, 2, 235.88
1507233277, 0, 565, 785, 714, 17, 4.61%, 0, 0, 2, 61.79
1507233282, 0, 565, 875, 804, 17, 4.65%, 0, 0, 2, 147.53
1507233287, 0, 565, 889, 818, 17, 4.65%, 0, 0, 2, 152.72
1507233307, 0, 565, 893, 822, 17, 4.65%, 0, 0, 2, 6.56
1507233343, 0, 565, 894, 823, 17, 4.65%, 0, 0, 2, 7.72
1507233369, 0, 574, 894, 823, 26, 4.65%, 0, 0, 2, 191.72
1507239041, 0, 578, 894, 822, 25, 4.65%, 0, 0, 2, 189.61
1507245109, 0, 619, 894, 821, 24, 4.65%, 0, 0, 2, 180.25
1507252627, 0, 671, 894, 820, 24, 4.65%, 0, 0, 2, 214.08
1507254518, 0, 691, 894, 819, 22, 4.65%, 0, 0, 2, 198.96
1507254544, 0, 691, 917, 841, 21, 4.65%, 0, 0, 2, 140.22
1507254549, 0, 691, 976, 900, 21, 4.66%, 0, 0, 2, 102.87
1507254554, 0, 691, 1031, 955, 21, 4.66%, 0, 0, 2, 118.73
1507254575, 0, 691, 1039, 963, 21, 4.66%, 0, 0, 2, 86.91
1507254621, 0, 727, 1039, 963, 23, 4.66%, 0, 0, 2, 109.86
1507254779, 0, 737, 1039, 962, 22, 4.66%, 0, 0, 2, 218.50
1507254870, 0, 740, 1039, 961, 22, 4.66%, 0, 0, 2, 144.26
1507254906, 0, 746, 1039, 960, 21, 4.66%, 0, 0, 2, 208.00
1507262493, 0, 746, 1040, 961, 21, 4.66%, 0, 0, 2, 225.74
1507262498, 0, 760, 1040, 960, 20, 4.66%, 0, 0, 2, 139.85
1507262911, 0, 760, 1051, 970, 20, 4.68%, 0, 0, 2, 79.06
1507262921, 0, 788, 1051, 970, 23, 4.68%, 0, 0, 2, 117.62
1507263064, 0, 803, 1051, 969, 22, 4.68%, 0, 0, 2, 211.20
1507263277, 0, 809, 1051, 968, 21, 4.68%, 0, 0, 2, 216.83
1507263434, 0, 810, 1051, 967, 20, 4.68%, 0, 0, 2, 138.61
1507277387, 0, 815, 1051, 966, 19, 4.68%, 0, 0, 2, 176.27
1507278286, 0, 815, 1055, 969, 18, 4.68%, 0, 0, 2, 179.51
1507278291, 0, 815, 1063, 977, 18, 4.68%, 0, 0, 2, 50.99
1507278312, 0, 818, 1063, 977, 18, 4.68%, 0, 0, 2, 204.98
1507279813, 0, 823, 1063, 976, 17, 4.68%, 0, 0, 2, 211.81
1507279854, 0, 826, 1063, 975, 16, 4.68%, 0, 0, 2, 204.61
1507279895, 0, 830, 1063, 974, 15, 4.68%, 0, 0, 2, 213.29
1507279920, 0, 860, 1063, 973, 14, 4.68%, 0, 0, 2, 218.84
1507280007, 0, 864, 1063, 972, 13, 4.68%, 0, 0, 2, 196.35
1507280140, 0, 867, 1063, 971, 12, 4.68%, 0, 0, 2, 171.22
1507280277, 0, 884, 1063, 970, 11, 4.68%, 0, 0, 2, 194.88
1507280328, 0, 913, 1063, 969, 10, 4.68%, 0, 0, 2, 196.78
1507280557, 0, 915, 1063, 968, 10, 4.68%, 0, 0, 2, 207.11
1507281150, 0, 929, 1063, 967, 10, 4.68%, 0, 0, 2, 188.03
1507281206, 0, 975, 1063, 966, 9, 4.68%, 0, 0, 2, 119.66
1507288545, 0, 978, 1063, 965, 8, 4.68%, 0, 0, 2, 125.96
1507292266, 0, 1008, 1063, 964, 8, 4.68%, 0, 0, 2, 192.56
1507296073, 0, 1039, 1063, 963, 7, 4.68%, 0, 0, 2, 133.99
1507303502, 0, 1039, 1064, 964, 7, 4.68%, 0, 0, 3, 228.61
1507303557, 0, 1039, 1108, 1007, 6, 4.70%, 0, 0, 3, 125.48
1507303588, 0, 1041, 1108, 1007, 11, 4.70%, 0, 0, 3, 92.56
1507303604, 0, 1042, 1108, 1006, 10, 4.70%, 0, 0, 3, 59.25
1507303619, 0, 1068, 1108, 1005, 9, 4.70%, 0, 0, 3, 206.89
1507303644, 0, 1070, 1108, 1004, 8, 4.70%, 0, 0, 3, 222.93
1507303690, 0, 1075, 1108, 1003, 7, 4.70%, 0, 0, 3, 232.58
1507303710, 0, 1076, 1108, 1002, 6, 4.70%, 0, 0, 3, 201.24
1507303731, 0, 1077, 1108, 1001, 5, 4.70%, 0, 0, 3, 54.26
1507307419, 1, 8, 1108, 1000, 4, 4.70%, 0, 0, 3, 223.26
1507307449, 1, 76, 1108, 999, 3, 4.70%, 0, 0, 3, 257.04
1507307464, 1, 310, 1108, 998, 2, 4.70%, 0, 0, 3, 197.83
1507307500, 1, 354, 1109, 998, 2, 4.70%, 0, 0, 3, 161.48
1507307623, 1, 416, 1109, 997, 2, 4.70%, 0, 0, 3, 214.35
1507307721, 1, 503, 1109, 996, 1, 4.70%, 0, 0, 3, 225.17
1507308211, 1, 570, 1109, 995, 1, 4.70%, 0, 0, 3, 197.06
1507308329, 1, 597, 1109, 994, 1, 4.70%, 0, 0, 3, 151.36
1507313898, 1, 597, 1110, 994, 1, 4.70%, 0, 0, 3, 67.01
1507313903, 1, 636, 1110, 994, 1, 4.70%, 0, 0, 3, 114.67
1507333931, 1, 638, 1110, 993, 1, 4.70%, 0, 0, 3, 127.91
1507350735, 1, 663, 1110, 992, 1, 4.70%, 0, 0, 3, 133.31
1507350827, 1, 687, 1110, 991, 1, 4.70%, 0, 0, 3, 184.01
1507350848, 1, 689, 1110, 990, 0, 4.70%, 0, 0, 3, 197.70
1507351500, 1, 689, 1118, 997, 0, 4.70%, 0, 0, 3, 169.22
1507351505, 1, 689, 1148, 1027, 0, 4.71%, 0, 0, 3, 30.99
1507351515, 1, 689, 1150, 1029, 0, 4.71%, 0, 0, 3, 87.93
1507351530, 1, 711, 1150, 1029, 4, 4.71%, 0, 0, 3, 173.37
1507351648, 1, 753, 1150, 1028, 4, 4.71%, 0, 0, 3, 178.04
1507351730, 1, 898, 1150, 1027, 4, 4.71%, 0, 0, 3, 132.01
1507351960, 1, 1047, 1150, 1026, 4, 4.71%, 0, 0, 3, 221.59
1507354282, 1, 1120, 1150, 1025, 4, 4.71%, 0, 0, 3, 214.60
1507354328, 1, 1127, 1152, 1026, 3, 4.71%, 0, 0, 3, 111.84
1507358933, 1, 1138, 1152, 1025, 2, 4.71%, 0, 0, 3, 182.72
1507359051, 1, 1145, 1152, 1024, 1, 4.71%, 0, 0, 3, 190.14
1507359102, 1, 1151, 1152, 1023, 0, 4.71%, 0, 0, 3, 217.11
1507359214, 2, 3, 1152, 1022, 0, 4.71%, 0, 0, 3, 94.13
1507359291, 2, 4, 1155, 1024, 0, 4.71%, 0, 0, 3, 175.35
1507359312, 2, 6, 1155, 1023, 0, 4.71%, 0, 0, 3, 196.08
1507359388, 2, 7, 1155, 1022, 0, 4.71%, 0, 0, 3, 39.94
1507359393, 2, 17, 1155, 1022, 0, 4.71%, 0, 0, 3, 195.48
1507359404, 2, 18, 1155, 1021, 0, 4.71%, 0, 0, 3, 182.52
1507359414, 2, 22, 1155, 1020, 0, 4.71%, 0, 0, 3, 211.16
1507359491, 2, 24, 1155, 1019, 0, 4.71%, 0, 0, 3, 161.38
1507359501, 2, 26, 1155, 1018, 0, 4.71%, 0, 0, 3, 157.76
1507359578, 2, 27, 1155, 1017, 0, 4.71%, 0, 0, 3, 96.88
1507359660, 2, 38, 1155, 1016, 0, 4.71%, 0, 0, 3, 207.67
1507359737, 2, 45, 1155, 1015, 0, 4.71%, 0, 0, 3, 221.28
1507359829, 2, 47, 1155, 1014, 0, 4.71%, 0, 0, 3, 221.91
1507359860, 2, 49, 1155, 1013, 0, 4.71%, 0, 0, 3, 215.17
1507359901, 2, 52, 1155, 1012, 0, 4.71%, 0, 0, 3, 212.81
1507359983, 2, 55, 1155, 1011, 0, 4.71%, 0, 0, 3, 223.40
1507360024, 2, 56, 1155, 1010, 0, 4.71%, 0, 0, 3, 193.19
1507360085, 2, 65, 1157, 1011, 0, 4.71%, 0, 0, 3, 130.91
1507360106, 2, 73, 1157, 1010, 0, 4.71%, 0, 0, 3, 151.62
1507360126, 2, 75, 1157, 1009, 0, 4.71%, 0, 0, 3, 247.29
1507360142, 2, 78, 1157, 1008, 0, 4.71%, 0, 0, 3, 122.16
1507360147, 2, 85, 1157, 1008, 0, 4.71%, 0, 0, 3, 204.24
1507360193, 2, 92, 1157, 1007, 0, 4.71%, 0, 0, 3, 144.86
1507360218, 2, 98, 1157, 1006, 0, 4.71%, 0, 0, 3, 217.60
1507360254, 2, 99, 1157, 1005, 0, 4.71%, 0, 0, 3, 172.99
1507360316, 2, 103, 1157, 1004, 0, 4.71%, 0, 0, 3, 202.54
1507360397, 2, 114, 1157, 1003, 0, 4.71%, 0, 0, 3, 202.34
1507360402, 2, 118, 1157, 1003, 0, 4.71%, 0, 0, 3, 220.68
1507360443, 2, 121, 1157, 1002, 0, 4.71%, 0, 0, 3, 93.52
1507360489, 2, 126, 1157, 1001, 0, 4.71%, 0, 0, 3, 218.69
1507360534, 2, 131, 1157, 1000, 0, 4.71%, 0, 0, 3, 203.79
1507360585, 2, 138, 1157, 999, 0, 4.71%, 0, 0, 3, 204.84
1507360636, 2, 144, 1157, 998, 0, 4.71%, 0, 0, 3, 117.26
1507360687, 2, 155, 1157, 997, 0, 4.71%, 0, 0, 3, 95.40
1507360759, 2, 157, 1157, 996, 0, 4.71%, 0, 0, 3, 181.59
1507360850, 2, 164, 1157, 995, 0, 4.71%, 0, 0, 3, 44.45
1507360932, 2, 167, 1157, 994, 0, 4.71%, 0, 0, 3, 41.94
1507360973, 2, 172, 1157, 993, 0, 4.71%, 0, 0, 3, 186.55
1507361008, 2, 174, 1157, 992, 0, 4.71%, 0, 0, 3, 22.99
1507361101, 2, 178, 1157, 991, 0, 4.71%, 0, 0, 3, 194.52
1507361213, 2, 179, 1157, 990, 0, 4.71%, 0, 0, 3, 101.28
1507361274, 2, 186, 1157, 989, 0, 4.71%, 0, 0, 3, 205.71
1507361360, 2, 188, 1157, 988, 0, 4.71%, 0, 0, 3, 156.79
1507361442, 2, 200, 1157, 987, 0, 4.71%, 0, 0, 3, 197.62
1507361493, 2, 201, 1157, 986, 0, 4.71%, 0, 0, 3, 194.82
1507361539, 2, 205, 1157, 985, 0, 4.71%, 0, 0, 3, 183.20
1507361555, 2, 210, 1157, 984, 0, 4.71%, 0, 0, 3, 179.46
1507361637, 2, 212, 1157, 983, 0, 4.71%, 0, 0, 3, 59.37
1507361770, 2, 213, 1157, 982, 0, 4.71%, 0, 0, 3, 191.24
1507361795, 2, 221, 1157, 981, 0, 4.71%, 0, 0, 3, 186.36
1507361892, 2, 228, 1157, 980, 0, 4.71%, 0, 0, 3, 75.60
1507361958, 2, 233, 1157, 979, 0, 4.71%, 0, 0, 3, 138.86
1507361964, 2, 234, 1157, 978, 0, 4.71%, 0, 0, 3, 188.06
1507361969, 2, 237, 1157, 977, 0, 4.71%, 0, 0, 3, 74.26
1507362036, 2, 240, 1157, 976, 0, 4.71%, 0, 0, 3, 204.86
1507362051, 2, 242, 1157, 975, 0, 4.71%, 0, 0, 3, 238.25
1507362077, 2, 243, 1157, 974, 0, 4.71%, 0, 0, 3, 219.34
1507362087, 2, 253, 1157, 973, 0, 4.71%, 0, 0, 3, 151.96
1507362112, 2, 254, 1158, 973, 0, 4.71%, 0, 0, 3, 211.61
1507362148, 2, 258, 1158, 972, 0, 4.71%, 0, 0, 3, 225.45
1507362174, 2, 262, 1158, 971, 0, 4.71%, 0, 0, 3, 225.37
1507362215, 2, 265, 1158, 970, 0, 4.71%, 0, 0, 3, 210.02
1507362266, 2, 275, 1158, 969, 0, 4.71%, 0, 0, 3, 183.38
1507362454, 2, 275, 1158, 968, 0, 4.71%, 0, 0, 3, 36.15
1507362459, 2, 281, 1158, 968, 0, 4.71%, 0, 0, 3, 173.99
1507362734, 2, 284, 1158, 967, 0, 4.71%, 0, 0, 3, 188.68
1507362973, 2, 296, 1158, 966, 0, 4.71%, 0, 0, 3, 222.24
1507363152, 2, 297, 1158, 965, 0, 4.71%, 0, 0, 3, 127.47
1507363339, 2, 304, 1158, 964, 0, 4.71%, 0, 0, 3, 215.89
1507363543, 2, 308, 1158, 963, 0, 4.71%, 0, 0, 3, 175.98
1507363583, 2, 318, 1158, 962, 0, 4.71%, 0, 0, 3, 193.09
1507363904, 2, 319, 1158, 961, 0, 4.71%, 0, 0, 3, 184.33
1507364076, 2, 323, 1158, 960, 0, 4.71%, 0, 0, 3, 197.41
1507364177, 2, 324, 1159, 960, 0, 4.71%, 0, 0, 3, 179.04
1507364223, 2, 326, 1159, 959, 0, 4.71%, 0, 0, 3, 219.07
1507364279, 2, 330, 1159, 958, 0, 4.71%, 0, 0, 3, 132.91
1507364335, 2, 334, 1159, 957, 0, 4.71%, 0, 0, 3, 156.41
1507364533, 2, 342, 1159, 956, 0, 4.71%, 0, 0, 3, 152.84
1507364610, 2, 355, 1159, 955, 0, 4.71%, 0, 0, 3, 189.99
1507364681, 2, 362, 1159, 954, 0, 4.71%, 0, 0, 3, 211.81
1507364813, 2, 364, 1159, 953, 0, 4.71%, 0, 0, 3, 188.71
1507365029, 2, 366, 1159, 952, 0, 4.71%, 0, 0, 3, 211.21
1507365101, 2, 372, 1159, 951, 0, 4.71%, 0, 0, 3, 207.62
1507365219, 2, 384, 1159, 950, 0, 4.71%, 0, 0, 3, 206.90
1507365239, 2, 395, 1159, 949, 0, 4.71%, 0, 0, 3, 186.43
1507365300, 2, 398, 1159, 948, 0, 4.71%, 0, 0, 3, 159.62
1507365366, 2, 403, 1159, 947, 0, 4.71%, 0, 0, 3, 177.06
1507365489, 2, 404, 1159, 946, 0, 4.71%, 0, 0, 3, 214.22
1507365713, 2, 407, 1159, 945, 0, 4.71%, 0, 0, 3, 92.06
1507365769, 2, 408, 1159, 944, 0, 4.71%, 0, 0, 3, 209.60
1507365825, 2, 409, 1159, 943, 0, 4.71%, 0, 0, 3, 107.79
1507365887, 2, 410, 1159, 942, 0, 4.71%, 0, 0, 3, 223.48
1507365989, 2, 411, 1159, 941, 0, 4.71%, 0, 0, 3, 220.58
1507366086, 2, 414, 1159, 940, 0, 4.71%, 0, 0, 3, 194.73
1507366132, 2, 417, 1159, 939, 0, 4.71%, 0, 0, 3, 181.84
1507366142, 2, 421, 1159, 938, 0, 4.71%, 0, 0, 3, 133.17
1507370506, 2, 421, 1161, 939, 0, 4.71%, 0, 0, 3, 66.40
1507370511, 2, 422, 1161, 939, 0, 4.71%, 0, 0, 3, 128.35
1507372461, 2, 424, 1161, 938, 0, 4.71%, 0, 0, 3, 193.42
1507372812, 2, 440, 1161, 937, 0, 4.71%, 0, 0, 3, 208.74
1507372951, 2, 445, 1161, 936, 0, 4.71%, 0, 0, 3, 204.06
1507374413, 2, 446, 1162, 936, 0, 4.71%, 0, 0, 3, 95.52
1507374428, 2, 447, 1162, 935, 0, 4.71%, 0, 0, 3, 124.41
1507375389, 2, 449, 1162, 934, 0, 4.71%, 0, 0, 3, 217.72
1507376405, 2, 451, 1162, 933, 0, 4.71%, 0, 0, 3, 200.97
1507378095, 2, 456, 1162, 932, 0, 4.71%, 0, 0, 3, 188.12
1507378229, 2, 466, 1163, 932, 0, 4.71%, 0, 0, 3, 221.24
1507378372, 2, 469, 1163, 931, 0, 4.71%, 0, 0, 3, 209.10
1507378890, 2, 492, 1163, 930, 2, 4.71%, 0, 0, 3, 156.89
1507379039, 2, 502, 1163, 929, 1, 4.71%, 0, 0, 3, 220.21
1507379550, 2, 515, 1163, 928, 0, 4.71%, 0, 0, 3, 207.39
1507379892, 2, 522, 1163, 927, 0, 4.71%, 0, 0, 3, 207.52
1507380793, 2, 523, 1163, 926, 0, 4.71%, 0, 0, 3, 235.59
1507381237, 2, 524, 1163, 925, 0, 4.71%, 0, 0, 3, 212.11
1507381666, 2, 525, 1163, 924, 0, 4.71%, 0, 0, 3, 26.95
1507381671, 2, 535, 1163, 924, 0, 4.71%, 0, 0, 3, 181.25
1507382197, 2, 548, 1163, 923, 0, 4.71%, 0, 0, 3, 106.80
1507382601, 2, 555, 1163, 922, 0, 4.71%, 0, 0, 3, 101.22
1507383089, 2, 557, 1163, 921, 0, 4.71%, 0, 0, 3, 65.71
1507385984, 2, 560, 1167, 924, 0, 4.71%, 0, 0, 3, 122.06
1507387240, 2, 563, 1167, 923, 0, 4.71%, 0, 0, 3, 193.73
1507390426, 2, 564, 1167, 922, 0, 4.71%, 0, 0, 3, 187.56
1507390774, 2, 566, 1167, 921, 0, 4.71%, 0, 0, 3, 227.76
1507390949, 2, 571, 1167, 920, 0, 4.71%, 0, 0, 3, 208.17
1507391020, 2, 571, 1169, 921, 0, 4.71%, 0, 0, 3, 47.00
1507391025, 2, 573, 1169, 921, 0, 4.71%, 0, 0, 3, 160.54
1507397082, 2, 576, 1169, 920, 0, 4.71%, 0, 0, 3, 57.81
1507397283, 2, 580, 1169, 919, 0, 4.71%, 0, 0, 3, 134.71
1507404773, 2, 583, 1169, 918, 0, 4.71%, 0, 0, 3, 201.38
1507410028, 2, 588, 1169, 917, 0, 4.71%, 0, 0, 3, 224.79
1507410146, 2, 588, 1170, 917, 0, 4.71%, 0, 0, 3, 54.02
1507410151, 2, 591, 1170, 917, 0, 4.71%, 0, 0, 3, 128.34
1507413170, 2, 593, 1170, 916, 0, 4.71%, 0, 0, 3, 206.37
1507413277, 2, 598, 1170, 915, 0, 4.71%, 0, 0, 3, 135.29
